512
4
4
0	0	0	1	5	-13	5	5	-7	5	5	-7	6	-14	5	5	
35	35	35	36	35	35	35	36	35	36	35	36	35	35	36	36	
-106	-106	-106	-106	-106	-106	-106	-106	-106	-106	-106	-106	-106	-106	-106	-106	
0	0	0	0	0	0	0	0	0	0	0	0	0	0	0	0	
-13	5	5	0	-5	5	5	-8	0	1	-1	1	-16	4	4	2	
7	7	7	7	7	6	6	6	6	6	6	6	6	6	6	6	
-11	-11	-11	-10	-12	-11	-11	-10	-12	-11	-12	-11	-12	-12	-12	-12	
-79	-73	-2	59	-78	-49	43	69	-56	10	67	75	-8	54	74	72	
5	0	-5	-13	7	1	-5	-13	11	6	-5	-14	16	7	-5	-12	
131	131	131	129	132	133	132	130	132	132	132	131	132	132	132	131	
-32	-32	-32	-31	-32	-32	-32	-32	-31	-31	-32	-31	-32	-31	-32	-31	
-11	15	46	57	-8	14	52	63	0	18	52	66	8	22	52	63	
46	50	57	56	46	43	54	55	46	38	49	55	-131	-131	-131	-130	
11	11	11	11	12	12	12	12	12	12	13	12	11	12	11	11	
-1	0	-3	-5	-2	-2	-5	-7	-3	-4	-7	-8	-5	-6	-8	-9	
10	6	-4	-3	57	56	58	53	12	12	15	26	34	45	44	37	
34	38	31	20	22	30	23	18	-2	3	2	4	-16	-6	-1	2	
-86	-34	77	114	-64	34	112	121	-24	82	117	125	17	102	120	127	
-69	-72	-74	-77	-63	-62	-58	-64	-43	-40	-41	-52	-33	-23	-28	-46	
33	33	30	27	-40	-50	-47	-51	-4	-7	-12	-5	55	67	62	48	
-5	-5	-3	-2	-4	-4	-3	-2	-3	-2	-1	-1	-2	-1	-1	0	
40	37	31	24	42	37	32	26	43	38	31	26	43	38	30	27	
-71	-70	-56	-29	-72	-69	-54	-24	-73	-69	-49	-21	-73	-68	-48	-22	
-69	-58	-39	-13	-63	-47	-20	0	-54	-31	-6	4	-42	-19	2	7	
-20	-80	-88	-88	22	-74	-91	-92	68	-41	-89	-89	87	0	-78	-85	
69	70	70	70	70	70	71	70	70	70	71	70	70	70	71	71	
9	0	-19	-41	3	-8	-34	-59	-8	-28	-56	-69	-27	-45	-67	-73	
6	-14	5	6	-15	3	4	3	0	0	0	0	-9	5	5	-6	
12	50	69	65	-43	6	53	68	-71	-57	-20	22	-74	-76	-74	-52	
17	17	17	17	17	17	17	17	17	17	17	17	16	17	17	17	
-16	-20	-11	-4	-50	-54	-51	-41	-32	-40	-46	-47	-2	-5	-20	-32	
-60	-70	-71	-63	-3	-4	-22	-35	34	37	32	23	42	53	53	46	
6	-14	5	6	0	0	0	3	0	4	2	-5	7	6	-14	5	
86	45	-25	-47	96	92	33	-28	94	98	92	45	98	97	101	87	
-67	-66	-67	-68	-67	-66	-67	-68	-66	-66	-67	-68	-66	-66	-66	-68	
32	31	10	-24	32	39	18	-23	26	35	29	-1	0	16	35	24	
-35	-40	-40	-38	21	29	34	30	34	15	-17	-25	-55	-64	-61	-49	
37	33	23	13	35	30	21	13	34	29	21	15	36	31	21	16	
-17	-27	-34	-37	-20	-30	-38	-43	-19	-30	-41	-46	-24	-32	-42	-45	
-63	-53	0	47	-64	-58	-10	42	-61	-55	-23	37	-59	-55	-35	23	
60	61	51	29	49	31	8	-4	18	-6	-15	-13	-16	-21	-21	-15	
96	106	113	116	87	98	109	114	78	89	102	109	65	78	92	100	
-75	-64	-56	-56	-86	-80	-72	-73	-91	-90	-86	-84	-94	-95	-92	-89	
44	55	48	38	6	37	50	46	-47	-18	31	39	-68	-66	-23	26	
0	3	0	-1	6	-14	5	5	6	-3	-3	5	-14	3	5	5	
37	37	39	46	43	45	52	59	52	57	63	65	61	65	67	67	
-19	-16	5	35	-23	-35	-43	-14	-38	-37	-51	-44	-36	-47	-50	-34	
22	34	44	43	16	-3	-11	-2	56	60	60	59	27	31	35	30	
-14	-7	16	33	1	9	30	39	-9	10	13	13	-53	-45	-40	-33	
-32	-29	-36	-58	-46	-46	-28	9	-2	69	103	116	116	132	136	139	
-90	-94	-93	-89	-91	-94	-93	-86	-92	-92	-84	-61	-86	-77	-56	-12	
4	1	-5	-7	-48	-38	-25	-14	-29	-17	-35	-42	9	22	27	10	
-2	-16	-37	-28	-5	-26	-35	-13	-22	-33	-23	-1	-24	-23	-9	12	
128	58	-2	-11	140	85	6	-23	140	107	21	-35	141	119	47	-28	
39	18	-15	-38	-25	-53	-65	-63	-76	-85	-81	-79	-78	-85	-84	-81	
-31	-37	-21	6	-31	-34	-11	20	-35	-34	-6	27	-32	-32	-5	28	
0	-9	-15	-19	-2	-8	-15	-19	-2	-8	-13	-17	0	-5	-12	-15	
47	40	70	112	52	39	77	125	47	41	89	132	44	55	103	134	
1	-41	-68	-72	-39	-69	-75	-73	-69	-78	-76	-74	-78	-77	-74	-70	
-2	-3	-3	-3	1	5	8	14	9	21	27	30	14	21	29	33	
43	46	54	51	53	46	52	49	-13	-8	-17	-35	-43	-46	-56	-66	
58	54	55	48	41	45	50	42	48	52	47	33	49	35	9	-16	
-73	-82	-79	-74	-53	-57	-48	-17	17	20	15	4	-44	-51	-55	-61	
-38	-37	-32	-29	-34	-38	-27	-20	45	49	53	44	25	24	21	8	
6	6	-14	5	-2	7	6	-15	0	-2	5	-1	-2	0	5	-1	
43	42	42	43	43	42	43	43	42	42	43	43	42	42	43	44	
-75	-75	-73	-72	-75	-74	-73	-71	-75	-74	-73	-71	-74	-74	-72	-71	
-18	17	43	3	0	43	25	-13	33	44	-3	-22	46	22	-19	-15	
-15	-8	0	4	-18	-10	0	5	-18	-11	0	6	-18	-11	-3	3	
50	55	45	43	-20	12	43	51	-5	0	17	25	40	39	20	-12	
-18	-17	-16	-16	-18	-18	-17	-16	-17	-17	-17	-16	-17	-17	-16	-16	
-1	14	50	83	-12	-4	40	92	-20	-17	44	107	-30	-22	54	107	
31	24	2	-21	31	20	-4	-28	32	15	-11	-31	31	8	-11	-26	
100	99	99	98	100	100	99	99	100	100	100	99	100	100	100	99	
-51	-55	-61	-65	-46	-51	-60	-67	-44	-50	-58	-64	-44	-48	-56	-61	
24	36	49	52	20	31	41	46	3	17	37	41	-10	0	25	36	
16	17	21	21	16	14	17	22	8	5	6	18	-121	-120	-120	-119	
19	19	21	24	24	26	30	32	35	37	37	39	41	43	43	43	
-2	-19	-35	-44	0	-14	-33	-41	-1	-17	-34	-42	1	-18	-36	-45	
-41	-56	-37	9	-18	16	47	49	49	51	26	-8	27	-1	-26	-33	
40	39	6	-28	-1	44	54	40	-55	-38	9	44	-38	-56	-64	-44	
33	96	116	119	-12	60	102	111	-45	7	64	85	-68	-39	9	49	
-91	-93	-94	-91	-80	-83	-85	-83	-36	-29	-40	-41	3	3	14	10	
35	34	24	12	16	-2	-3	-14	-31	-42	-52	-43	10	-1	-12	-19	
-19	14	28	-30	-26	14	26	-31	-42	7	20	-41	-41	7	10	-46	
57	39	20	1	66	52	33	16	64	61	49	37	62	61	55	45	
-26	-18	-9	-4	-30	-21	-11	-5	-33	-22	-10	-2	-32	-24	-12	-3	
-42	-50	-55	-50	-34	-26	-27	-32	16	11	-15	-29	15	21	25	16	
64	67	41	-33	69	64	-3	-71	65	36	-54	-83	47	-16	-78	-84	
59	58	56	55	59	57	56	54	58	56	53	52	56	54	52	52	
0	-7	-21	-41	-31	-34	-39	-50	-45	-52	-48	-49	-46	-53	-54	-49	
-5	-6	-14	-6	-12	-9	-7	14	-6	-8	0	34	-13	-2	19	51	
-44	-45	-37	-36	-39	-35	-38	-49	-40	-49	-50	-58	-131	-131	-132	-132	
28	29	29	29	29	29	29	29	29	29	29	29	28	28	29	29	
-2	-38	-59	-51	15	-11	-39	-57	27	19	-12	-39	18	16	-2	-38	
-77	-77	-73	-63	-77	-80	-62	-24	-54	-18	31	44	24	59	68	54	
9	-19	-6	33	27	-23	-24	27	41	-7	-30	8	49	20	-20	1	
77	78	72	60	78	75	65	42	74	70	55	20	68	60	34	-3	
-44	-42	-40	-38	-43	-41	-39	-37	-42	-40	-39	-37	-41	-40	-40	-37	
30	30	-23	-32	-17	39	39	-14	-48	-16	46	42	-43	-56	-11	37	
-37	-29	-29	-31	18	11	5	-3	40	50	53	45	-23	-22	-22	-6	
50	34	0	-6	49	25	-8	-2	50	16	-5	6	44	12	0	11	
-6	-60	-74	-67	-11	-66	-80	-72	-15	-62	-77	-71	-16	-56	-72	-69	
-94	-75	-28	0	-97	-77	-30	0	-95	-81	-30	-2	-93	-79	-35	-6	
15	45	67	64	43	66	64	31	59	53	0	-42	38	-8	-56	-64	
128	110	73	53	132	115	76	48	132	116	75	44	130	112	73	38	
-63	-43	-11	7	-71	-66	-38	0	-74	-73	-62	-38	-73	-75	-68	-51	
-1	1	12	15	-3	3	14	18	-9	0	8	13	-12	-3	3	10	
0	-1	5	-2	7	6	-14	5	1	4	-5	1	-10	5	5	-4	
37	29	21	23	58	63	57	52	60	67	70	65	10	10	9	16	
-44	-10	6	-8	-55	-39	-9	-5	-55	-56	-37	-15	-47	-59	-55	-42	
-14	-9	-6	-5	12	1	-4	-2	47	34	20	13	58	55	44	36	
-28	7	51	49	-32	-46	-14	25	-26	-33	-50	-37	-34	-12	-7	-27	
-26	-19	20	68	-14	34	110	133	71	129	141	144	134	145	144	146	
-65	-67	-62	-50	-60	-58	-55	-39	-46	-43	-34	-23	-29	-23	-18	-10	
35	29	-1	-22	-34	-53	-54	-51	0	5	-7	-9	2	20	14	-19	
31	40	33	27	14	-4	-4	10	-24	-28	-5	17	-51	-38	4	26	
64	-7	-55	-54	83	17	-47	-53	90	40	-28	-42	94	59	-1	-32	
15	-15	-55	-61	-51	-69	-78	-70	-56	-63	-51	-41	-34	-20	-4	-2	
-47	-11	11	3	-46	-4	10	7	-48	-2	9	3	-49	-2	7	-2	
4	-45	-35	-15	29	5	-58	-53	-19	20	-9	-53	-59	-18	16	-22	
-14	62	121	132	1	95	130	133	37	115	132	134	74	125	134	137	
8	-12	-47	-69	-2	-33	-69	-80	-27	-56	-80	-85	-47	-70	-83	-86	
-42	-51	-46	-7	-41	-41	-4	36	-29	-13	32	55	-11	30	58	56	
46	44	29	17	21	12	3	-8	-35	-43	-47	-55	-51	-55	-52	-57	
41	42	44	44	58	61	64	58	19	12	-3	-12	5	10	27	31	
-39	-48	-52	-47	-22	-35	-45	-46	-11	-18	-30	-36	-9	-7	-14	-23	
-16	-19	-27	-28	-1	1	-4	-10	21	19	13	11	17	17	12	11	
0	2	0	0	3	-9	5	4	6	-15	5	5	6	-14	4	6	
40	49	55	58	36	44	53	58	35	38	48	55	29	32	40	48	
-81	-82	-81	-80	-81	-81	-81	-80	-81	-81	-81	-80	-80	-81	-80	-78	
3	3	2	2	3	3	2	2	3	3	3	1	3	3	2	1	
-40	-33	-23	-13	5	9	17	20	-39	-51	-49	-36	7	18	33	19	
14	12	6	0	17	13	6	0	16	12	4	0	14	10	2	-3	
-24	-17	-13	-10	-25	-20	-18	-17	-29	-29	-30	-28	-34	-37	-41	-39	
-91	-79	-19	23	-91	-66	2	35	-85	-42	18	35	-70	-16	33	31	
22	-7	-24	-17	23	-5	-12	-5	19	-11	-14	-4	11	-19	-15	-2	
119	119	119	120	119	119	120	120	120	120	120	120	120	120	120	120	
-48	-46	-30	-1	-58	-62	-63	-48	-45	-50	-59	-55	-40	-38	-46	-53	
-12	-14	17	51	-15	-13	25	58	-8	-6	38	66	-1	0	45	69	
63	62	54	56	65	63	55	57	63	61	55	56	-128	-129	-129	-128	
13	18	26	32	12	19	27	33	12	20	27	34	14	21	28	33	
-1	0	3	3	-6	-4	-3	-1	-18	-18	-14	-9	-28	-27	-21	-18	
-23	-32	-39	-32	38	40	41	38	60	60	49	35	17	26	29	24	
52	60	61	52	19	13	3	0	30	39	40	46	-16	-13	-5	0	
-40	37	80	82	-43	39	83	86	-50	35	81	86	-48	24	75	84	
-79	-89	-89	-85	-63	-87	-91	-88	-9	-58	-84	-86	30	2	-47	-80	
41	47	45	43	-7	-20	-20	-17	52	41	9	-17	10	13	8	-1	
-22	1	21	21	-24	-34	-30	-31	32	33	10	-10	4	-9	-14	-5	
1	43	64	56	42	64	56	37	60	60	44	24	53	47	35	21	
-72	-58	-38	-23	-73	-56	-32	-20	-69	-52	-31	-21	-65	-45	-30	-25	
-57	-56	-22	8	-44	-53	-54	-43	-7	-8	-4	-4	1	-7	-5	-4	
36	-46	-90	-92	44	-23	-89	-92	46	2	-83	-93	41	20	-66	-93	
83	84	84	83	83	84	84	84	83	84	84	83	83	83	83	83	
22	27	27	6	-31	-45	-58	-55	-32	-46	-55	-46	-45	-45	-38	-37	
-2	6	6	-15	-3	2	4	-3	0	5	-3	-2	-4	7	6	-14	
6	6	18	24	-32	-30	0	28	-67	-58	-27	2	-75	-67	-47	-10	
42	37	29	21	32	18	12	19	19	14	24	37	24	33	47	51	
-58	-72	-27	28	-50	-58	-42	-3	-23	-37	-60	-46	10	11	-31	-46	
-46	-70	-78	-69	5	-50	-73	-71	37	6	-52	-69	45	36	-1	-36	
-6	5	5	-6	6	-14	5	5	1	0	0	0	7	6	-14	5	
65	57	45	35	76	70	61	52	84	80	74	68	88	86	85	79	
-50	-50	-48	-47	-50	-50	-49	-47	-50	-50	-48	-46	-50	-49	-48	-46	
50	11	-49	-38	31	54	-1	-57	-14	43	38	-24	-37	11	47	18	
-51	-47	-26	3	2	9	14	0	-5	-15	-41	-55	-44	-54	-50	-39	
15	9	16	25	34	22	16	16	44	29	13	8	47	41	24	15	
-15	-29	-51	-66	-13	-24	-51	-68	-8	-22	-48	-67	-4	-18	-45	-67	
-83	-23	26	33	-92	-43	26	37	-98	-65	20	38	-88	-75	1	30	
69	65	52	29	68	55	24	-3	61	28	-9	-14	39	-7	-25	-7	
121	122	120	110	116	110	106	93	104	94	84	74	89	79	63	50	
-102	-102	-85	-33	-103	-102	-85	-26	-103	-102	-83	-27	-102	-100	-81	-28	
7	27	32	37	-8	22	31	40	-33	13	30	35	-49	-7	20	31	
-1	2	0	0	3	0	-3	4	6	6	-14	5	6	-14	5	5	
20	32	53	67	20	35	56	68	21	39	57	65	24	44	59	65	
0	5	12	13	-19	-1	4	5	-55	-47	-39	-37	-71	-68	-62	-58	
63	65	65	63	25	21	21	29	35	39	36	28	61	68	71	60	
18	15	13	13	8	7	2	-11	4	2	-17	-42	-10	-29	-56	-71	
-63	-20	40	65	-33	36	73	72	38	77	78	73	73	78	75	64	
-98	-97	-100	-101	-98	-100	-100	-97	-80	-79	-79	-82	-28	-28	-28	-31	
-31	-35	-39	-25	-50	-58	-55	-46	-1	-13	-26	-26	32	47	49	39	
5	-12	-17	-2	-3	1	-4	5	-36	2	13	7	-77	-50	-9	5	
55	49	-30	-75	57	56	-15	-74	52	59	5	-69	54	58	13	-55	
39	31	28	15	0	9	19	24	-82	-86	-84	-66	-81	-93	-91	-88	
-26	-6	54	69	-24	-39	7	64	-21	-29	-16	32	2	-3	-20	-8	
20	13	-4	-15	18	0	-23	-31	9	-7	-32	-35	8	-9	-31	-26	
39	90	122	135	35	89	121	132	34	87	119	133	25	73	115	131	
-38	-76	-95	-99	-63	-92	-101	-99	-84	-100	-103	-101	-92	-99	-101	-100	
4	0	-1	-2	12	6	3	2	24	18	8	7	26	23	15	12	
4	24	19	-2	39	37	-5	-53	29	-16	-66	-82	-27	-60	-88	-87	
92	92	88	86	79	74	71	72	63	57	56	60	47	42	45	51	
-42	-46	-48	-44	-27	-22	-29	-30	18	23	10	0	-30	-40	-34	-34	
-27	-30	-24	-16	32	-10	-45	-42	47	59	27	-14	-34	0	43	44	
-1	6	6	-14	-2	6	6	-14	0	0	1	1	0	-7	5	5	
48	58	68	75	52	62	72	79	57	67	76	80	62	70	77	79	
-89	-94	-97	-98	-84	-92	-98	-99	-74	-86	-95	-98	-58	-73	-88	-92	
41	24	17	37	28	13	15	24	30	34	17	-10	27	20	-30	-60	
-40	-22	-4	9	-30	-10	4	13	-14	0	10	15	-6	6	18	17	
18	34	61	77	-7	0	31	54	-13	-9	14	37	1	-4	-1	17	
-24	-24	-23	-23	-24	-24	-24	-23	-24	-24	-23	-23	-23	-24	-23	-23	
-72	-13	97	113	-85	-38	84	113	-90	-45	69	111	-87	-32	61	98	
14	10	-21	-59	13	3	-29	-69	10	3	-35	-69	5	-7	-42	-69	
134	129	112	89	138	129	110	86	138	129	107	81	135	124	100	75	
-66	-46	-37	-58	-67	-43	-36	-62	-67	-43	-36	-61	-67	-46	-37	-59	
52	52	33	18	33	58	47	35	13	53	61	48	6	47	58	49	
-29	-23	-2	-14	-38	-21	-8	-2	-53	-26	-21	2	-126	-127	-126	-126	
22	-4	8	50	9	1	51	57	19	50	64	28	55	62	36	8	
-27	-18	-16	-30	-17	-2	-14	-45	-4	0	-23	-58	3	-12	-43	-65	
-3	-17	-7	26	-8	10	45	56	46	61	53	37	44	14	-6	6	
-13	-16	-11	-2	44	48	49	35	4	12	22	17	-14	-16	-7	-5	
65	68	58	61	67	63	44	48	24	27	36	46	-39	-32	17	51	
-88	-95	-88	-77	-103	-103	-100	-91	-103	-95	-87	-86	50	50	51	37	
51	45	41	27	16	2	-23	-35	-21	-48	-51	-38	22	35	43	48	
-70	-65	0	47	-65	-29	30	26	-37	14	27	-17	10	24	-3	-23	
48	40	22	13	51	46	28	6	49	49	30	2	51	50	35	5	
-47	-36	-28	-26	-19	-21	-28	-30	-31	-38	-34	-15	-40	-25	9	27	
-24	-42	-64	-61	10	0	-37	-64	-19	10	28	11	-39	-42	-5	30	
96	28	-63	-78	95	10	-76	-84	91	-6	-77	-84	77	-24	-77	-82	
64	64	64	63	64	64	64	63	64	63	63	63	63	64	63	63	
-35	-41	-53	-55	-2	-13	-41	-50	-47	-48	-57	-54	-74	-70	-62	-55	
59	27	3	21	42	8	4	37	10	-10	14	47	0	1	45	55	
-49	-63	-65	-58	-38	-17	0	-6	-40	-19	-16	-24	-78	-69	-70	-66	
23	22	22	23	23	22	22	23	23	22	23	23	22	22	22	22	
3	-30	-35	-28	19	-12	-28	-20	42	-5	-23	-15	47	5	-26	-12	
-77	-84	-79	-73	-56	-57	-49	-44	-7	6	21	16	10	15	-2	-20	
1	5	16	23	-12	-20	-1	10	23	4	-8	-14	59	41	6	-23	
120	84	45	24	120	82	36	17	117	83	35	17	111	79	37	19	
-76	-75	-71	-60	-77	-75	-68	-57	-77	-74	-65	-53	-75	-72	-63	-51	
43	39	-5	-40	14	46	29	-28	-31	20	53	24	-29	0	39	51	
-13	-39	-50	-48	63	59	38	7	-6	24	48	51	-33	-53	-39	-8	
30	13	-5	-13	38	30	4	-17	29	34	8	-17	23	33	16	-10	
-41	-61	-75	-81	-42	-60	-77	-82	-41	-58	-78	-82	-46	-61	-77	-81	
-92	-91	-63	40	-94	-89	-42	51	-94	-83	-29	60	-92	-81	-16	69	
44	54	59	18	50	61	45	-20	56	62	24	-41	58	54	-4	-56	
137	137	84	-11	141	142	126	32	142	140	139	90	141	140	141	118	
-54	-10	40	45	-77	-56	-1	24	-88	-90	-72	-39	-84	-90	-84	-76	
-1	39	44	-7	-45	-24	43	23	-24	-37	24	50	-12	-25	-10	38	
0	0	1	0	7	6	-14	5	6	-14	5	5	0	-7	5	4	
7	11	26	42	44	67	68	61	58	47	25	6	-23	-37	-34	-23	
-52	-58	-32	13	-53	-64	-41	10	-52	-62	-45	9	-49	-53	-45	0	
-8	-14	-17	-15	22	23	22	22	54	57	56	50	65	67	67	58	
-18	20	28	2	-43	-35	7	28	-12	-48	-48	-11	32	-2	-56	-56	
33	46	55	60	78	84	91	102	114	115	116	128	127	135	130	134	
-92	-91	-83	-46	-93	-86	-51	-1	-88	-66	-13	21	-72	-28	16	33	
36	13	-11	-38	-6	-35	-56	-35	-36	-49	-2	37	-31	11	43	38	
12	33	21	8	36	26	-24	-33	17	-34	-56	-36	-33	-41	-10	17	
32	-12	-46	-52	66	37	-9	-43	76	70	38	-1	77	81	69	41	
27	15	2	5	-49	-56	-59	-57	-45	-62	-74	-72	21	22	0	-7	
-56	-23	-3	-1	-69	-35	-8	0	-73	-41	-2	5	-79	-53	-11	2	
53	22	-37	-44	39	-18	-40	-42	-5	-45	-39	-25	-32	-56	-43	-33	
65	105	129	135	98	121	135	138	115	129	137	138	126	135	138	138	
35	45	8	-51	24	6	-50	-75	-48	-65	-83	-87	-79	-84	-89	-84	
6	-12	-22	-18	-29	-20	0	12	2	32	49	36	55	49	15	-9	
45	66	64	48	-30	-7	25	45	-26	-41	-53	-36	-16	-32	-42	-41	
48	54	53	48	30	32	47	54	10	9	19	29	8	1	0	9	
-58	-74	-76	-78	-15	-18	-53	-64	-14	-16	-31	-25	-24	-19	0	5	
-24	-31	-36	-37	-21	-24	-26	-25	-12	-12	-13	-20	1	0	-7	-13	
-3	0	4	0	6	6	-13	4	-10	6	6	-7	3	-9	3	4	
50	47	42	36	52	46	41	34	52	47	40	31	51	48	42	33	
-90	-91	-92	-92	-92	-93	-93	-94	-93	-93	-94	-94	-92	-93	-94	-93	
-3	-3	0	2	-1	0	3	7	0	3	7	10	1	3	7	9	
6	-14	6	5	0	6	6	-14	0	-1	0	2	0	0	0	0	
33	27	17	5	8	1	0	0	0	3	10	6	2	13	22	18	
-26	-10	-11	-35	-5	2	-18	-37	8	-5	-13	-13	-23	-31	-14	3	
-105	-104	-85	-2	-103	-91	-1	91	-90	-10	97	119	-47	69	121	128	
14	14	8	1	14	10	3	-8	6	2	-4	-14	-1	-8	-13	-18	
142	143	143	142	143	143	144	143	143	143	144	143	142	143	143	142	
-50	-53	-51	-44	-42	-43	-43	-42	-33	-35	-36	-41	-22	-22	-27	-33	
-21	25	45	45	-18	29	43	42	-13	30	45	38	-10	31	46	41	
49	50	25	14	57	47	21	18	60	43	25	16	-130	-132	-133	-134	
4	8	14	20	3	8	14	19	3	7	13	19	4	8	15	21	
-10	-9	-8	-7	-8	-8	-7	-6	-9	-7	-6	-5	-7	-6	-4	-4	
39	8	-32	-45	36	57	54	43	11	23	44	53	36	38	23	23	
17	28	32	31	0	6	13	21	-11	-7	-11	-6	-12	-13	-17	-13	
0	-7	45	108	-8	3	99	132	-18	63	129	139	15	97	131	140	
-85	-87	-84	-78	-61	-58	-56	-57	-34	-27	-43	-54	-72	-76	-78	-79	
4	28	52	48	-53	-46	-18	13	31	7	-21	-23	33	46	51	40	
-22	2	5	3	-4	0	4	0	0	4	-2	0	0	3	3	-11	
67	55	34	31	66	48	24	22	58	40	18	18	48	31	15	22	
-90	-87	-77	-64	-91	-83	-62	-48	-83	-65	-40	-26	-69	-52	-31	-27	
-41	-49	-48	-51	-54	-52	-48	-26	-49	-36	1	16	-22	-8	1	-9	
38	-53	-78	-73	41	-48	-90	-87	37	-48	-89	-92	35	-44	-90	-84	
76	77	77	77	77	78	77	77	77	77	77	77	77	78	78	76	
15	-6	-29	-11	-22	-36	-34	-44	16	9	-32	-54	-40	-54	-70	-78	
6	6	-13	4	-14	3	5	4	-5	4	6	-6	-7	0	5	2	
-13	22	26	24	-73	-16	25	33	-96	-76	-16	27	-96	-96	-63	-5	
37	33	32	30	29	25	21	20	20	16	16	17	11	9	9	11	
-33	-43	-29	-23	-14	-48	-42	-30	8	-43	-47	-33	20	-24	-44	-37	
-70	-76	-93	-100	-57	-76	-75	-68	69	76	37	-3	116	119	125	106	
0	4	-6	5	-7	5	6	-7	-1	0	2	0	7	6	-14	6	
14	-4	-17	-25	76	42	20	4	111	92	67	42	122	116	103	81	
-46	-52	-58	-60	-54	-56	-60	-62	-61	-63	-66	-65	-64	-68	-69	-69	
37	15	-24	-34	45	30	0	-17	37	58	52	38	-10	7	35	41	
-53	-49	-51	-45	43	52	49	45	-37	-39	-37	-29	-70	-69	-64	-61	
25	21	16	10	26	21	13	5	25	19	9	3	22	17	8	2	
-52	-49	-52	-53	-26	-21	-26	-36	-21	-20	-40	-53	-33	-46	-63	-69	
-58	-23	39	41	-57	-47	27	49	-54	-54	-3	49	-49	-55	-19	32	
41	47	24	2	52	34	1	-12	39	-1	-32	-23	-11	-42	-51	-33	
129	134	138	139	119	128	136	137	94	102	119	124	54	58	73	89	
-99	-95	-75	-34	-103	-103	-95	-67	-104	-105	-102	-91	-101	-103	-101	-97	
17	74	78	53	-51	25	76	77	-71	-47	35	81	-68	-70	-15	50	
0	0	2	0	6	-13	4	5	-8	6	6	-10	-12	5	5	-2	
28	33	37	43	31	37	42	47	39	45	48	52	47	51	53	52	
-33	-20	8	15	-7	-7	-19	-31	-61	-72	-71	-67	-54	-43	-32	-7	
37	40	43	35	-33	-39	-31	-15	46	50	51	53	54	61	63	59	
-41	-12	25	36	7	37	44	11	23	6	-27	-45	-55	-61	-58	-55	
-63	-73	-39	22	-57	-24	42	67	27	54	74	82	75	77	84	95	
-86	-92	-89	-86	-91	-91	-86	-69	-89	-85	-64	-18	-84	-69	-16	42	
2	2	3	14	2	-19	-40	-37	-8	-18	-22	-26	15	28	26	19	
19	-43	-42	-29	20	-32	-29	3	0	-42	-4	42	-3	-31	-7	35	
112	109	39	-65	114	113	33	-67	111	100	0	-72	110	77	-29	-71	
-6	13	17	5	-75	-72	-66	-63	-74	-80	-85	-78	-71	-68	-69	-72	
-14	-30	-20	31	-8	-19	-27	28	-11	-15	-26	22	-13	-11	-15	17	
3	-4	-16	-28	2	-3	-13	-31	2	0	-12	-31	3	-2	-14	-34	
60	81	98	105	55	76	94	103	48	68	85	98	41	61	75	84	
-42	-29	-31	-37	-53	-41	-42	-49	-67	-69	-69	-68	-75	-80	-78	-73	
-21	-9	1	9	-17	1	20	27	-5	12	26	25	5	20	21	17	
40	49	52	52	37	44	39	5	31	-5	-44	-59	-47	-72	-78	-74	
64	69	70	67	56	59	61	52	47	40	39	30	12	4	4	-2	
-52	-54	-58	-46	-59	-52	-25	-3	-40	-24	5	13	-26	-41	-61	-52	
-13	-16	-19	-3	-32	-32	-27	-9	39	46	46	49	-17	-12	-6	0	
6	6	-13	5	-7	4	5	-5	6	6	-16	5	-1	0	3	0	
48	49	49	50	49	49	50	49	49	50	50	50	50	50	51	51	
-63	-70	-76	-79	-65	-71	-77	-80	-70	-74	-79	-80	-72	-76	-79	-80	
-5	23	26	1	2	26	24	14	23	36	25	17	33	31	5	-7	
-46	-4	-12	-54	-47	-28	12	-8	-13	-46	0	10	3	-26	-3	18	
32	45	55	56	8	18	35	42	36	20	8	12	44	43	32	22	
-9	-16	-22	-25	-9	-17	-23	-27	-11	-17	-24	-29	-13	-19	-25	-29	
-34	-22	28	91	-42	-34	16	91	-39	-40	6	86	-33	-39	1	76	
45	15	-27	-46	46	13	-30	-51	43	12	-30	-50	37	10	-28	-47	
109	109	109	109	110	110	109	109	109	109	109	109	108	109	108	108	
-19	-35	-49	-55	-27	-41	-55	-61	-32	-47	-60	-66	-33	-50	-61	-65	
28	38	31	-2	2	27	39	21	4	14	31	36	-2	-9	11	34	
4	5	5	7	7	8	-1	0	16	9	-1	1	-130	-130	-130	-130	
10	15	17	15	44	43	40	35	60	56	54	50	56	55	57	56	
1	-11	-45	-63	-3	-26	-51	-63	-15	-28	-36	-40	-9	-21	-17	-8	
-61	-49	23	62	-29	26	63	24	43	47	10	-26	28	20	-14	-23	
48	34	6	-8	50	50	49	41	-6	1	19	22	-44	-37	-24	-17	
24	70	107	121	8	51	92	110	0	30	69	95	-9	8	49	82	
-78	-84	-87	-82	-87	-90	-87	-70	-79	-61	-20	6	-30	4	4	-3	
20	27	37	38	21	30	37	33	-36	-48	-44	-29	20	17	8	-5	
-62	-39	-1	-10	-52	-19	6	-25	-23	7	11	-33	3	9	-11	-45	
37	51	16	-23	25	45	33	-10	36	38	42	35	50	43	45	54	
-43	-34	-24	-17	-39	-31	-21	-15	-32	-26	-19	-15	-28	-20	-16	-15	
-57	-44	-33	-37	-47	-42	-46	-50	17	29	7	-24	-30	1	23	32	
113	104	38	-40	108	93	1	-66	101	63	-33	-77	77	20	-57	-76	
54	55	57	58	55	56	58	59	56	58	59	60	57	59	60	60	
-31	-27	-22	-24	-41	-39	-33	-31	-54	-50	-48	-43	-52	-51	-46	-46	
16	0	-11	-6	15	2	-8	4	0	-7	8	31	7	11	28	39	
-57	-55	-58	-58	-56	-58	-61	-55	-55	-55	-59	-58	-133	-134	-133	-134	
47	49	48	45	44	44	40	37	35	31	29	31	27	25	24	28	
-7	-41	-61	-78	31	3	-38	-64	43	40	16	-18	40	39	24	14	
-47	-75	-82	-49	-43	-69	-77	7	-13	-52	-9	112	14	-4	90	138	
-50	-46	13	53	-15	-51	-26	36	38	1	-41	-3	31	43	16	-1	
64	61	49	38	67	61	49	40	67	60	50	38	67	62	53	38	
-35	-40	-46	-51	-34	-39	-45	-50	-35	-39	-44	-50	-34	-39	-43	-48	
41	13	-22	-37	13	35	29	1	-37	-23	4	25	1	-2	2	-5	
-31	-14	-35	-53	1	21	11	14	42	35	22	13	6	-25	-48	-54	
45	28	-28	-47	36	10	-36	-43	41	-12	-22	3	35	-8	6	39	
-42	-62	-80	-86	-20	-44	-74	-85	-20	-34	-62	-73	-29	-31	-46	-61	
-97	-90	-29	39	-98	-99	-47	35	-99	-101	-68	19	-101	-101	-80	-3	
74	76	74	58	82	74	64	6	79	61	8	-58	56	1	-58	-78	
143	141	135	81	141	140	124	50	140	137	95	6	137	119	44	-20	
-56	-46	-3	17	-55	-48	-28	3	-49	-53	-65	-60	-33	-47	-62	-74	
-12	0	24	36	-14	-2	22	37	-14	-2	21	36	-14	-4	19	31	
7	6	-15	5	7	6	-14	5	0	2	0	-1	0	2	0	0	
7	0	16	28	45	35	35	38	38	50	45	41	-23	0	21	38	
-33	-23	-18	-17	-57	-39	-23	-20	-80	-65	-35	-16	-85	-78	-61	-37	
-27	-7	18	30	0	-15	-20	-21	24	26	33	27	27	39	51	46	
1	23	37	36	-51	-39	-14	0	-29	-10	-21	-38	-18	-21	-39	-55	
-26	-29	-11	13	28	37	33	28	98	125	111	81	134	138	132	115	
-58	-66	-65	-61	-61	-66	-63	-52	-58	-61	-57	-40	-58	-56	-43	-26	
11	4	-13	-36	-28	-45	-46	-35	-42	-8	31	41	47	48	38	27	
36	38	11	-15	11	-2	-25	-28	-63	-51	-22	1	-59	-37	14	32	
56	-28	-79	-84	81	9	-73	-84	93	51	-47	-86	83	79	-11	-78	
-39	-27	-27	-37	-64	-59	-64	-62	-71	-70	-65	-54	-62	-53	-19	-2	
-41	3	26	27	-51	-5	27	30	-61	-22	21	28	-61	-34	10	25	
14	7	-45	-62	9	19	-28	-60	-39	-9	-12	-49	-54	-43	-21	-30	
-8	41	80	93	37	82	97	98	74	96	101	101	93	103	102	102	
18	-45	-93	-98	7	-69	-99	-101	-20	-84	-99	-100	-54	-89	-98	-99	
-52	-40	-20	-5	-32	-16	18	39	8	24	45	45	40	44	48	41	
65	61	55	47	40	24	21	18	-49	-58	-54	-39	-62	-56	-42	-36	
19	45	61	37	52	63	48	2	48	19	-11	-13	-3	7	29	52	
-50	-46	-51	-50	-44	-43	-42	-39	-23	-41	-44	-41	38	22	-16	-39	
0	-10	-35	-47	12	4	-15	-32	6	8	3	-12	-3	6	16	4	
0	-7	4	5	-14	5	5	-1	0	1	0	0	6	-15	4	6	
63	65	60	50	61	58	52	45	49	44	42	42	42	37	35	37	
-101	-101	-98	-90	-101	-102	-97	-86	-99	-99	-91	-74	-97	-94	-84	-63	
6	5	-13	5	5	-12	4	5	-1	1	0	1	-2	5	6	-16	
-22	-42	-42	-32	18	23	25	17	-12	-8	-14	-15	-1	7	-4	-20	
37	22	2	0	30	7	0	3	20	1	-6	-3	23	5	-1	0	
11	4	-12	-26	-17	-14	-13	-19	-40	-37	-35	-30	-34	-37	-34	-28	
-58	-25	30	54	-65	-24	38	55	-60	-10	47	54	-46	14	50	50	
34	16	-4	-10	11	-12	-20	-14	-8	-19	-17	-12	-25	-19	-7	-1	
100	95	87	86	116	112	106	105	124	124	121	117	127	128	127	124	
-73	-68	-43	-4	-70	-73	-68	-48	-71	-75	-74	-67	-57	-70	-72	-71	
3	-17	-11	31	-18	-27	12	48	-20	-13	46	52	-21	26	63	37	
61	58	65	63	63	63	65	64	65	63	65	63	-138	-139	-139	-139	
-8	5	16	20	4	15	19	21	14	22	25	27	26	30	30	29	
8	-2	-12	-15	16	23	24	15	-22	-27	-23	-9	-34	-40	-36	-31	
-58	-53	-38	-24	27	40	39	29	28	17	4	3	36	37	33	21	
29	35	24	9	-2	0	26	39	31	39	47	48	-35	-43	-40	-33	
-10	32	83	100	-13	42	93	106	-12	47	97	108	-7	49	95	105	
-62	-63	-61	-58	-59	-65	-62	-60	-32	-57	-65	-63	5	-32	-65	-63	
57	64	60	53	-5	-22	-28	-19	-9	-13	-1	2	24	22	10	3	
-8	4	20	21	-3	-19	-39	-48	16	25	26	7	-40	-50	-50	-39	
16	29	50	48	19	40	53	40	26	46	48	23	40	53	41	9	
-45	-39	-28	-22	-46	-39	-28	-22	-46	-37	-26	-20	-45	-37	-27	-18	
-32	-53	-45	-6	-48	-52	-58	-20	-41	-6	9	-51	-18	-3	3	-42	
17	-10	-73	-82	22	12	-62	-86	30	31	-43	-84	24	37	-27	-82	
90	90	90	89	91	91	90	89	91	91	91	90	91	91	91	90	
39	45	44	34	-3	-25	-43	-48	-53	-52	-46	-34	-56	-66	-65	-54	
-3	4	4	-5	0	1	0	0	6	-16	5	5	-2	6	6	-13	
-17	6	19	19	-32	-3	12	2	-48	-35	-18	-7	-54	-46	-37	-23	
18	38	35	22	29	7	-13	-7	-11	-5	30	45	49	59	54	42	
-58	-32	0	6	-38	-54	-50	-28	28	-6	-55	-50	28	16	-41	-58	
-70	-78	-69	-70	-35	-70	-77	-74	55	15	-32	-45	59	63	50	31	
7	6	-16	5	6	-14	5	6	0	1	0	0	7	4	-12	7	
84	87	66	-3	87	91	76	11	89	92	82	33	89	92	85	48	
-62	-61	-59	-58	-62	-59	-58	-58	-59	-58	-57	-57	-58	-57	-56	-56	
0	-43	-57	-36	46	34	-5	-29	0	40	47	32	-39	0	43	47	
-56	-52	-49	-47	-15	0	7	9	-48	-56	-49	-44	-31	-38	-38	-31	
21	15	6	0	10	8	13	16	28	25	19	10	47	49	46	36	
-21	-25	-69	-88	-18	-19	-72	-92	-14	-18	-76	-94	-14	-27	-76	-92	
-87	-5	73	88	-97	-43	49	79	-102	-75	11	58	-104	-96	-37	26	
54	47	32	15	46	36	22	3	38	27	13	-5	30	18	1	-15	
129	124	114	96	118	111	96	63	104	85	54	32	63	35	8	13	
-90	-79	-59	-42	-92	-82	-56	-37	-94	-89	-69	-46	-95	-91	-79	-58	
-25	42	49	24	-55	28	59	41	-70	8	61	45	-57	-20	47	49	
6	-16	6	6	6	-13	4	5	4	4	-11	4	0	0	2	0	
24	32	39	44	23	32	41	45	22	32	39	43	23	30	38	43	
-8	-8	-10	-11	-14	-17	-26	-32	-39	-48	-53	-60	-60	-69	-76	-75	
44	28	20	22	24	11	1	6	45	40	35	28	70	79	81	73	
-2	-16	-6	3	6	-12	-14	-7	4	-12	-35	-36	-22	-28	-38	-45	
-20	24	63	64	14	55	70	65	49	67	68	58	61	64	56	43	
-56	-62	-60	-58	-85	-85	-86	-81	-77	-81	-81	-76	-20	-20	-22	-30	
-20	-24	-23	-17	-14	-14	-15	-14	-5	-1	-2	7	57	63	65	60	
1	-10	-20	-17	-28	-15	-7	-6	-35	-22	0	12	-61	-61	-53	-46	
86	68	-19	-76	89	81	6	-65	93	91	36	-52	96	94	53	-35	
40	47	47	46	-36	-40	-39	-26	-93	-93	-92	-83	-97	-102	-99	-92	
-32	-13	35	33	-23	-28	23	42	-13	-34	0	43	-1	-20	-11	37	
35	31	1	-11	16	2	-19	-28	-6	-13	-24	-44	-18	-23	-35	-53	
79	105	106	104	48	103	109	106	8	88	110	105	-23	54	100	99	
-36	-37	-47	-65	-58	-64	-77	-89	-79	-88	-94	-97	-90	-97	-98	-97	
-8	-1	-3	-7	-7	-2	-2	-10	0	6	11	0	15	31	26	14	
1	44	48	13	25	24	-31	-60	7	-44	-77	-75	-31	-56	-66	-54	
104	108	111	118	82	92	98	99	38	55	65	60	-33	-17	3	-2	
-72	-70	-59	-46	4	-27	-48	-48	19	9	-10	-26	-2	-13	-30	-36	
-43	-38	-32	-13	10	-11	-26	-26	27	38	41	31	-3	7	37	50	
-3	7	6	-14	-1	5	0	-3	0	2	-1	0	7	6	-13	6	
50	60	67	70	44	56	67	70	38	53	63	69	35	49	61	68	
-81	-84	-85	-84	-76	-77	-79	-78	-62	-65	-67	-72	-43	-56	-65	-69	
32	30	25	11	28	30	17	-16	16	24	3	-47	11	11	-31	-56	
-26	-27	-13	-2	-43	-35	-15	-7	-34	-13	8	18	-19	9	27	30	
2	19	38	44	7	15	32	39	11	2	9	26	21	11	-6	0	
-27	-30	-37	-48	-24	-24	-28	-36	-24	-23	-21	-24	-24	-23	-19	-18	
-73	-71	13	81	-78	-60	45	92	-77	-44	63	101	-73	-21	76	102	
5	14	-21	-58	9	23	-11	-55	18	25	-6	-54	6	21	-1	-50	
142	142	140	135	141	140	136	127	138	135	128	112	125	122	107	82	
-63	-31	-62	-88	-67	-30	-64	-89	-68	-28	-57	-83	-67	-30	-49	-77	
20	54	49	-1	0	53	54	-5	-5	49	53	1	-4	41	47	0	
-9	-14	-14	-17	-8	-14	-18	-19	-9	-16	-20	-23	-122	-123	-123	-122	
60	43	11	13	32	12	36	63	39	49	68	62	56	63	48	15	
-43	-2	-12	-51	-48	-5	-15	-51	-49	-9	-19	-47	-47	-10	-14	-43	
-45	-16	16	37	4	29	36	38	37	44	42	44	41	41	41	33	
-8	-5	5	8	58	60	60	63	0	-11	-18	-16	8	-3	-16	-12	
49	59	60	54	35	55	65	61	-5	33	60	63	-26	13	53	57	
-71	-59	-34	-27	-68	-61	-55	-50	-60	-66	-59	-52	-30	6	32	29	
55	58	58	56	33	37	41	32	-17	-26	-25	-24	40	50	50	41	
-72	-63	-21	14	-68	-42	5	21	-34	-12	10	7	-8	6	4	-15	
52	48	3	-28	48	53	23	-21	52	57	41	-7	55	54	48	9	
-19	-27	-31	-35	-28	-41	-44	-47	-37	-39	-36	-19	-44	-48	-16	12	
-30	-47	-43	-34	13	4	-14	-31	-42	-18	12	18	-28	-42	-43	-29	
52	47	-36	-89	54	27	-68	-95	40	-11	-86	-98	6	-57	-92	-97	
79	76	70	62	79	76	68	58	79	75	66	54	78	72	62	49	
-11	-25	-53	-60	-37	-31	-36	-49	-63	-48	-26	-20	-71	-61	-40	-33	
21	-1	10	51	25	3	11	54	25	1	17	54	25	7	20	51	
-38	-88	-96	-97	43	37	-6	-59	-35	-8	2	-11	-79	-87	-87	-71	
20	8	0	0	34	31	25	19	31	35	40	34	26	30	35	31	
-14	-26	-24	-21	1	-15	-26	-27	29	2	-22	-30	50	34	4	-18	
-67	-72	-65	-56	-45	-36	-26	-23	-27	-6	15	20	2	8	22	24	
-12	-7	30	45	-27	1	31	20	-11	11	10	-5	7	23	5	-18	
109	107	70	-4	110	105	63	-18	109	101	50	-28	108	97	38	-32	
-67	-59	-47	-40	-71	-60	-45	-38	-74	-65	-51	-46	-72	-68	-58	-56	
-35	17	-9	-44	-36	42	32	-1	-28	40	52	13	-37	19	51	29	
-36	-50	-58	-59	-4	17	25	18	-9	-5	19	37	-19	-10	-19	-21	
41	16	-3	-12	50	25	-9	-15	60	41	0	-15	55	41	7	-19	
-62	-86	-97	-98	-39	-79	-97	-98	-31	-77	-94	-98	-23	-69	-91	-94	
-100	-92	-4	90	-102	-95	-4	97	-98	-96	-9	91	-99	-97	-20	87	
77	67	37	2	79	67	24	-16	73	62	21	-21	61	55	24	-8	
99	88	64	25	107	99	85	54	109	104	92	79	106	103	97	88	
-75	-46	8	36	-95	-93	-68	-26	-91	-99	-98	-87	-94	-99	-101	-100	
16	42	39	22	-57	-29	-1	23	-46	-34	11	19	19	-10	1	5	
0	2	0	0	6	6	-14	4	5	-11	3	4	6	6	-15	5	
14	25	26	35	48	53	46	35	35	28	15	5	15	-5	-20	-20	
-14	-57	-47	2	-21	-67	-56	7	-27	-69	-70	-11	-39	-71	-72	-46	
-4	-3	-2	19	-3	14	22	41	7	29	50	62	30	55	67	71	
-21	-18	7	21	-30	-31	-2	27	-22	-41	-37	-7	-6	-30	-40	-29	
33	18	-2	-24	139	140	131	93	139	145	146	146	129	137	144	146	
-47	-49	-54	-40	-53	-62	-52	-6	-61	-61	-29	28	-61	-54	5	51	
22	-17	-47	-55	-42	-67	-57	-40	-64	-55	-29	13	-16	16	41	43	
-20	7	42	40	41	40	5	-35	8	-40	-47	-9	-30	-14	22	38	
55	-50	-82	-75	129	7	-76	-62	144	112	-20	-32	143	142	94	-4	
-34	10	26	7	-33	-33	-42	-51	-44	-42	-47	-38	18	18	-1	-19	
-67	-4	7	-59	-80	-33	33	-29	-84	-57	33	10	-82	-63	14	34	
25	-10	-53	-26	15	-20	-56	-35	-43	-57	-64	-43	-53	-58	-44	-15	
119	130	137	140	109	127	137	140	98	121	133	139	85	112	129	137	
67	35	-46	-85	55	-21	-80	-91	-2	-74	-88	-88	-66	-85	-83	-83	
-14	-41	-47	-29	-30	-41	-18	11	2	-9	0	18	44	34	10	-2	
30	48	30	1	-54	-34	-1	24	-53	-64	-60	-34	-15	-16	-25	-35	
61	63	59	53	48	51	55	55	5	-1	13	30	-3	-22	-36	-29	
-46	-61	-66	-63	-44	-65	-68	-69	9	3	-30	-53	-37	-31	-25	-25	
-30	-30	-25	-17	-23	-21	-14	-8	-12	-8	-5	0	-3	3	5	3	
