512
2
2
41	41	41	41	
-7	-2	-4	0	
6	-12	6	-12	
-17	-17	-14	-16	
22	24	22	24	
67	65	-15	-22	
3	2	3	2	
-106	-106	-106	-106	
107	107	108	108	
-86	-72	-7	37	
3	4	-13	6	
-7	-9	-8	-5	
9	8	3	5	
15	-10	-65	-29	
3	5	-34	5	
-23	-24	-25	-25	
60	52	26	19	
3	3	6	-12	
5	6	6	-35	
-89	-92	-16	-17	
27	27	27	27	
-8	41	-57	-28	
77	-18	87	-3	
-40	-43	-42	-46	
77	77	76	77	
45	-7	48	53	
-12	3	5	6	
-30	-7	-46	-11	
9	8	9	8	
-72	-8	-89	-76	
4	59	29	68	
-23	-67	-26	-70	
41	44	59	61	
-12	5	-13	3	
3	-13	3	5	
-59	-40	-55	-33	
14	16	15	15	
51	6	-39	-68	
3	3	9	3	
-65	-61	-64	-60	
124	125	124	125	
-33	-59	-16	23	
14	-49	42	38	
-4	-8	0	-3	
15	0	17	1	
-47	30	-68	-43	
-30	-54	1	-18	
-53	-64	-75	-76	
26	13	20	0	
-13	5	7	-13	
37	-58	20	-67	
-54	-36	-24	-34	
36	36	36	36	
27	0	0	0	
59	14	76	64	
-46	-61	-42	-58	
66	65	65	66	
1	12	25	20	
6	-12	-12	3	
-76	-42	-50	41	
66	62	0	47	
6	12	-125	-125	
-28	20	-25	20	
16	-23	-7	-50	
55	63	53	63	
0	0	0	0	
-2	0	-1	-5	
-44	-24	-41	-20	
36	23	37	25	
70	72	-14	9	
-1	-1	22	4	
-74	-70	-91	-90	
94	93	94	93	
-31	-21	67	70	
0	0	-12	-16	
-11	-13	-15	-14	
0	9	7	19	
-9	-22	-9	-21	
6	-13	-35	1	
-30	-53	-33	-51	
75	63	66	11	
-6	35	-28	0	
-17	-61	39	-49	
-74	-70	-18	-48	
64	44	56	35	
53	66	-45	0	
37	-9	19	-62	
-83	-76	-77	-67	
55	68	107	107	
-6	50	62	72	
-35	5	6	-15	
-66	-27	-7	3	
21	-7	24	25	
-13	-25	-53	-58	
-18	56	-14	56	
-34	-21	-3	-29	
-42	84	-21	103	
-35	5	-13	5	
-28	-21	-27	41	
-93	-32	-92	-25	
7	16	50	49	
15	7	-21	-63	
25	31	1	5	
-72	-72	-64	-66	
2	4	2	4	
-36	-41	15	10	
6	-34	5	5	
-20	-8	-16	-3	
-17	-35	31	-4	
-58	-5	-55	-66	
-8	-24	11	-18	
-19	-25	-47	-25	
41	51	26	-1	
-37	37	0	-7	
39	-51	62	10	
-75	-40	-58	0	
35	62	37	64	
47	29	-4	-16	
124	77	134	107	
-36	-37	-36	-37	
72	71	71	70	
-64	-3	44	62	
23	-2	-23	-36	
-54	-4	-55	-3	
26	43	7	21	
0	-4	-66	-66	
13	25	13	24	
8	-45	-29	-27	
52	50	50	48	
-3	-3	4	14	
11	-15	24	-7	
-19	-32	-17	-27	
19	19	19	19	
58	62	-44	-35	
0	-5	0	-2	
-87	-87	-87	-86	
128	112	112	88	
-51	-50	64	60	
-6	22	-11	17	
-10	-1	-13	-9	
9	4	4	9	
0	-16	-18	-29	
-13	6	-34	5	
-33	-31	-33	-30	
87	86	50	50	
9	7	6	-13	
-13	4	5	-34	
-45	-50	-10	-1	
23	32	21	33	
32	40	-35	-12	
48	0	53	5	
-60	-58	-51	-48	
82	82	82	82	
52	-38	124	45	
-20	1	11	53	
-23	-8	-25	-33	
7	12	10	14	
-88	-57	-90	-55	
24	22	36	37	
-12	-70	4	-60	
25	63	64	69	
-12	10	6	7	
-12	-21	0	-1	
-40	-40	-61	-67	
30	15	6	18	
0	42	-72	-66	
3	3	3	8	
-60	-47	-65	-51	
145	145	145	144	
-59	-22	5	32	
7	-1	42	36	
-4	-13	-1	-11	
30	-4	19	-20	
-11	25	-43	-50	
-23	-28	-7	-13	
-32	-59	-54	-72	
52	19	37	-5	
-30	-6	46	7	
33	-75	61	-56	
-54	-79	-46	-33	
32	41	42	51	
22	23	-11	-5	
58	26	44	62	
-60	-91	-90	-98	
74	53	82	71	
0	24	25	43	
17	-5	-1	-19	
-53	48	-53	47	
36	16	-1	52	
61	60	-133	-133	
0	66	-13	26	
22	-45	-61	-78	
46	45	45	46	
0	0	-5	0	
7	7	-13	3	
-29	-21	-29	-20	
41	56	53	15	
44	48	-9	0	
-9	-6	25	30	
-74	-73	-75	-75	
110	132	90	123	
-23	-36	29	52	
-10	10	-32	-18	
-12	-9	-12	-9	
5	20	2	12	
-4	-33	-22	-56	
39	-12	-42	-6	
-30	-32	-35	-54	
72	38	52	-29	
17	49	-8	-8	
-64	-80	24	-33	
-65	-44	-39	-66	
49	34	44	31	
44	33	-47	12	
51	0	41	-26	
-93	-92	-48	-46	
83	103	78	99	
-2	5	76	76	
-41	20	-16	-30	
-29	-30	-29	0	
50	0	16	42	
-4	-77	-57	-81	
33	64	3	55	
-33	-46	-21	-23	
36	99	16	88	
-34	5	5	6	
-5	-35	6	31	
-85	-6	-84	7	
0	49	44	30	
21	43	-23	-39	
21	11	9	1	
-84	-92	-46	-83	
9	3	3	3	
-61	-49	29	12	
6	-35	-13	5	
-27	0	-29	-2	
-18	-31	45	27	
-58	-2	-15	-57	
2	-43	8	-41	
-29	-13	-70	-52	
9	49	45	-6	
0	22	29	0	
28	-34	18	-32	
-72	-65	-66	-17	
53	53	41	37	
62	39	-12	11	
114	16	102	-5	
-45	-37	-44	-37	
65	78	56	74	
-15	23	46	46	
43	-1	-7	-33	
-36	17	-60	-5	
38	33	20	21	
-53	-53	-133	-134	
0	33	-2	31	
-22	-62	-40	-15	
46	39	54	47	
-12	-10	1	6	
19	-21	-5	-13	
-16	-18	-21	-21	
24	20	24	20	
51	50	-5	-41	
3	8	3	2	
-96	-97	-96	-97	
116	116	116	116	
-93	-98	29	16	
-3	0	-13	-3	
-15	-15	-7	-11	
3	3	9	8	
0	-8	-39	-51	
10	9	-34	3	
-29	-28	-26	-27	
69	71	32	34	
3	8	5	-12	
2	-13	4	-35	
-74	-65	-28	-12	
32	30	31	30	
12	60	-73	-5	
55	-9	69	29	
-49	-48	-49	-48	
89	76	84	64	
23	-5	66	63	
-1	-1	6	0	
-8	-2	-48	-30	
13	10	14	10	
-85	-40	-96	-83	
26	49	24	46	
-28	-94	-21	-92	
24	26	57	58	
-13	5	-12	10	
8	-12	3	4	
-73	-39	-72	-42	
13	13	7	12	
31	20	-75	-76	
9	5	9	3	
-58	-68	-58	-68	
136	117	135	117	
-29	-42	-62	11	
-16	-74	47	32	
-14	-7	-5	-4	
6	-12	9	7	
-39	0	-48	-34	
-19	-40	0	1	
-48	-31	-82	-71	
21	14	21	14	
-13	2	2	-12	
16	-73	-11	-82	
-68	-51	-37	-32	
35	29	45	40	
48	2	10	0	
57	21	62	35	
-51	-80	-38	-76	
61	59	62	60	
13	20	28	30	
6	-12	-13	10	
-83	10	-58	59	
55	37	16	53	
-18	-23	-126	-126	
-20	36	-19	37	
43	-44	-22	-64	
55	54	56	55	
-1	7	-2	0	
4	-2	-3	-8	
-58	-18	-63	-23	
29	8	35	23	
76	75	7	11	
3	0	18	17	
-99	-74	-102	-90	
100	100	101	101	
0	-31	65	54	
0	-10	-11	-13	
-21	-5	-17	-17	
0	7	0	12	
-8	-9	-9	-14	
3	-13	-36	13	
-35	-43	-19	-39	
80	73	37	0	
-11	16	-15	-4	
-2	-70	25	-10	
-79	-88	-2	-78	
48	64	66	40	
38	69	-36	39	
64	11	17	-57	
-101	-96	-90	-65	
-3	101	109	142	
15	51	60	43	
-62	-1	13	-28	
-63	-23	-36	0	
16	4	29	12	
-12	-41	-74	-77	
-36	39	13	57	
-62	-38	13	-45	
4	117	4	116	
-37	-7	-24	14	
-29	-13	-2	25	
-76	3	-90	-35	
27	14	59	31	
19	13	-51	-49	
21	26	14	11	
-69	-67	-71	-69	
2	8	2	7	
-26	-16	18	18	
33	-41	7	21	
-15	-10	-11	8	
-36	-28	31	-27	
-57	-19	-44	-40	
6	-34	6	-13	
-32	-23	-43	-39	
63	36	19	-5	
-10	47	17	10	
27	-18	53	13	
-57	-68	-38	7	
60	70	28	63	
36	26	11	-1	
128	48	132	56	
-46	-51	-36	-40	
63	73	75	80	
-43	-11	38	39	
20	4	-20	-15	
-65	6	-25	17	
43	52	12	28	
-7	-9	-89	-91	
11	41	11	36	
0	-44	-65	-29	
63	61	51	51	
-10	0	-3	25	
-4	-4	35	-22	
-13	-26	-12	-37	
15	12	17	26	
56	52	-57	-68	
4	2	0	-2	
-84	-98	-74	-95	
117	97	90	48	
-79	-76	48	52	
2	12	-17	37	
-4	-4	-5	-7	
3	8	9	7	
-11	-10	-29	-17	
0	18	-56	15	
-25	-36	-31	-36	
73	64	67	50	
11	-1	5	-2	
-14	-4	7	-57	
-62	-70	2	7	
31	34	31	35	
11	22	-43	-20	
31	3	35	1	
-77	-70	-70	-45	
88	87	88	87	
38	0	137	130	
-24	18	0	31	
-27	-1	-35	-58	
1	19	11	25	
-72	-51	-73	-72	
17	36	34	43	
-16	-50	-14	-44	
51	60	67	70	
-12	10	2	3	
-9	-13	15	0	
-47	-30	-59	-50	
16	0	1	22	
26	47	-58	-42	
4	-1	0	4	
-53	-56	-56	-58	
135	135	135	135	
-55	15	-8	55	
-11	-5	50	52	
0	-12	-3	-21	
29	-15	24	0	
-14	11	-72	-32	
-36	-23	-5	0	
-32	-65	-70	-49	
63	22	59	9	
-36	27	40	15	
73	-42	61	-48	
-46	-65	-20	-30	
42	52	35	48	
27	12	0	-17	
28	16	31	56	
-43	-81	-64	-86	
63	42	66	57	
0	19	36	72	
10	-13	6	-33	
-32	46	-52	15	
27	39	-11	40	
42	40	-128	-128	
-1	62	-46	46	
29	-20	-49	-59	
46	54	49	54	
-3	0	0	5	
0	22	-14	-25	
-23	-22	-20	-20	
32	30	52	-2	
39	66	0	7	
0	3	13	37	
-80	-80	-79	-80	
83	122	116	135	
-48	-55	28	40	
0	0	-26	-30	
-10	-17	-17	-5	
1	30	0	-4	
-11	-23	-31	-39	
29	-3	-27	23	
-10	-47	-40	-61	
66	61	23	-32	
12	28	-11	16	
-68	-54	-1	-22	
-47	-68	-10	-58	
46	35	35	17	
6	47	-35	17	
40	-29	46	-17	
-73	-72	-45	-57	
50	116	68	121	
27	30	79	79	
-18	34	18	-32	
-21	-16	-20	-11	
56	11	34	21	
-14	-77	-91	-95	
4	67	-2	66	
-44	-33	-17	-17	
28	79	52	90	
-34	-11	9	-3	
15	-16	7	51	
-64	29	-84	0	
22	40	33	16	
26	30	0	-43	
10	18	9	1	
-69	-80	-67	-79	
14	10	-2	0	
-39	-65	45	0	
6	-43	-36	9	
-41	-11	-25	-10	
2	-22	38	7	
-41	-37	-4	-62	
-10	-40	-1	-24	
-33	12	-86	-77	
21	36	29	-31	
0	4	51	17	
12	-46	40	-23	
-96	-85	-79	-11	
41	44	30	32	
45	25	-7	20	
88	37	87	37	
-32	-44	-57	-35	
88	116	28	85	
-40	30	56	63	
53	24	-32	-36	
-46	9	-50	21	
38	22	27	10	
-45	-49	-89	-92	
0	41	9	53	
-46	-44	-40	-18	
