1024
4
4
-108	-108	-108	-108	-108	-108	-108	-108	-108	-108	-108	-108	-108	-108	-108	-108	
4	3	2	4	6	4	3	5	3	2	3	4	1	2	2	2	
0	0	0	0	0	1	0	0	0	0	0	0	-1	0	0	0	
46	47	47	47	46	47	47	47	46	47	47	47	46	47	47	46	
-10	-8	-8	-7	-11	-8	-6	-6	-14	-11	-6	-5	-16	-12	-9	-8	
19	19	17	16	17	16	14	13	14	13	12	11	14	13	13	11	
-4	-6	-5	0	0	-3	-2	0	0	0	0	0	0	0	0	0	
-108	-108	-108	-108	51	53	52	54	58	59	57	60	69	70	67	68	
-10	-10	-10	-11	-9	-9	-10	-10	-8	-9	-11	-12	-9	-11	-12	-13	
-38	-28	3	20	-39	-20	11	22	-39	-32	-4	20	-39	-26	3	20	
16	10	4	1	17	8	2	0	15	6	0	0	11	3	0	0	
93	94	96	97	92	93	94	95	91	90	91	92	90	89	89	90	
61	6	-4	0	16	-1	-2	-1	0	-1	0	-1	-1	0	0	-3	
-46	-40	-4	57	-19	36	96	118	22	78	110	118	103	116	120	115	
49	53	50	34	53	44	24	0	47	23	-4	-8	27	2	-6	2	
-44	-51	-53	-55	-10	-13	-17	-22	0	1	2	2	0	0	2	4	
-37	-37	-37	-39	-63	-63	-63	-63	-76	-77	-77	-76	-78	-78	-78	-78	
55	54	53	55	56	56	56	54	51	50	43	36	15	10	8	5	
0	0	0	0	1	0	0	0	1	0	0	0	6	0	1	7	
49	51	53	53	52	53	55	54	53	54	53	47	50	41	29	18	
-6	0	0	0	-1	0	0	-2	-2	0	0	0	-7	-3	-5	-4	
3	4	5	5	3	6	4	4	5	5	3	4	6	8	8	8	
-1	0	0	0	-4	0	0	0	-14	-6	0	0	-14	-5	0	0	
-23	-21	-22	-22	43	44	41	37	51	49	48	47	47	46	45	43	
-32	-32	-31	-31	-32	-32	-32	-32	-33	-34	-34	-34	-34	-34	-34	-34	
-28	-27	-20	-6	-29	-27	-14	0	-28	-28	-21	-9	-28	-25	-17	-7	
52	51	44	-15	53	51	32	-32	51	50	23	-37	50	51	9	-42	
30	46	39	34	9	46	41	33	-6	31	47	32	-10	14	46	35	
46	44	4	-39	45	44	-8	-44	44	41	-18	-47	43	29	-31	-50	
0	-2	1	11	0	0	5	17	0	1	8	14	0	5	11	13	
41	42	43	40	12	15	16	19	-11	-9	-6	-4	-41	-40	-38	-33	
-27	-35	-38	-40	-44	-47	-46	-41	-23	-3	12	26	43	51	52	51	
-84	-84	-84	-84	-84	-84	-84	-84	-84	-84	-84	-84	-84	-84	-84	-84	
22	18	12	6	19	14	8	5	18	12	7	4	14	9	4	3	
3	4	4	6	0	2	4	6	-3	-3	0	1	-6	-7	-3	0	
25	25	25	25	24	25	24	24	23	24	24	25	22	23	24	24	
1	0	0	-7	2	0	-4	-11	0	0	-5	-15	0	-2	-9	-15	
33	28	18	11	32	27	18	16	28	27	26	25	22	26	31	31	
-11	-7	-3	-1	-12	-6	-1	0	-7	-4	0	2	-5	0	1	6	
-3	2	8	0	18	49	43	12	31	87	103	70	82	113	99	46	
18	35	2	-38	22	-16	-47	-60	-30	-52	-60	-63	-53	-61	-63	-64	
-2	45	49	40	-12	22	50	34	-19	-5	44	45	-17	-11	31	54	
-29	-20	26	36	-18	33	33	-28	33	28	-31	-44	19	-32	-45	-44	
66	66	67	67	66	66	67	68	68	69	69	70	71	72	73	72	
-11	-13	-15	-15	-16	-14	-15	-14	-14	-11	-13	-13	33	23	-2	-13	
6	5	16	40	4	6	23	45	4	8	28	48	6	15	38	51	
7	9	12	12	5	7	9	8	2	3	4	4	0	-1	0	1	
-16	-15	-15	-15	-11	-7	-5	0	36	42	41	39	0	-1	-5	-8	
1	3	3	5	-2	-2	0	-1	-24	-29	-31	-30	-45	-47	-49	-48	
76	79	82	79	66	70	75	72	44	45	46	47	24	19	16	16	
-1	-1	0	1	-2	-1	0	1	0	0	3	5	5	10	18	19	
90	77	41	21	99	69	31	17	95	95	50	21	101	77	37	18	
-3	-5	-3	-3	-3	-4	-4	-4	-3	-6	-5	-5	-7	-4	-3	-5	
9	23	34	37	6	16	33	39	4	5	23	38	3	3	15	36	
11	15	7	-1	1	-4	-12	-18	-16	-21	-25	-27	-26	-26	-27	-25	
-46	-54	-55	-52	0	-21	-42	-51	43	32	14	-9	47	43	38	21	
-30	-26	-22	-24	-28	-23	-23	-27	-29	-27	-25	-28	-29	-27	-28	-29	
-18	-19	-22	-21	-21	-22	-21	-19	-18	-17	-13	-9	-8	-5	-1	0	
29	-11	-26	-23	49	-3	-25	-27	95	60	4	-24	100	71	17	-16	
20	33	64	85	36	63	93	101	55	79	99	105	83	99	105	99	
2	1	-12	-23	3	-6	-18	-22	0	-8	-18	-21	-5	-15	-19	-17	
-17	-2	47	86	-9	54	110	110	-12	11	74	107	-5	11	41	41	
0	0	0	0	0	0	0	0	-7	-6	-5	-6	-11	-11	-10	-9	
-6	-6	-11	-11	-6	-8	-13	0	-7	-10	-12	20	-9	-12	24	89	
41	42	42	42	41	42	42	41	41	42	41	41	41	42	41	40	
0	0	4	3	0	0	5	3	0	1	5	5	0	0	2	3	
-6	-2	1	0	-5	-2	0	-2	23	9	0	-2	55	37	9	-4	
35	36	37	37	35	37	38	37	34	36	38	39	35	36	37	37	
-6	-5	-7	-8	-12	-14	-16	-14	-12	-12	-11	-8	-1	0	0	0	
21	21	19	16	21	22	21	17	16	19	23	21	9	15	21	22	
3	0	3	-1	0	0	1	-17	0	3	-11	-40	0	0	-27	-45	
-108	-108	-108	-108	43	40	42	41	51	51	48	50	56	55	55	55	
-14	-18	-21	-22	-12	-19	-23	-24	-10	-16	-24	-26	-13	-21	-26	-25	
-12	-12	-2	33	-9	-10	-9	3	-8	-9	-10	-10	-10	-10	-10	-9	
28	4	-9	-10	23	-3	-11	-9	34	6	-9	-11	30	0	-11	-11	
108	108	108	108	111	111	110	109	114	114	112	112	115	115	115	113	
92	53	-2	-22	67	0	-24	-24	67	11	-17	-22	6	-14	-18	-17	
-49	-28	31	46	-47	-12	49	49	-49	-27	35	52	-47	-14	47	49	
47	48	49	48	42	40	36	32	11	10	4	0	-28	-30	-31	-31	
-52	-52	-51	-49	-48	-52	-53	-53	-25	-28	-32	-33	-3	-1	-1	-2	
-20	-17	-16	-18	-45	-45	-43	-41	-49	-49	-48	-47	-40	-43	-44	-44	
24	24	25	25	21	22	22	21	14	14	13	13	6	4	3	3	
-42	33	14	-17	-30	38	0	-19	-11	38	-7	-18	10	30	-14	-20	
37	41	34	12	40	42	31	5	37	39	38	14	36	41	32	9	
4	1	-13	-36	8	3	-5	-21	5	2	0	0	3	-2	0	3	
4	6	6	8	7	8	7	9	9	9	9	9	10	12	11	14	
-7	-12	-11	29	-11	-15	0	51	-9	-14	-8	49	-9	-13	4	56	
10	12	11	11	10	11	11	12	16	17	20	24	38	41	44	45	
-51	-62	-73	-77	-50	-62	-74	-77	-52	-60	-73	-77	-54	-62	-73	-77	
-49	-31	11	35	-53	-52	-46	-10	-55	-55	-55	-49	-54	-54	-54	-53	
81	87	63	18	94	88	44	2	61	61	30	3	14	6	1	-1	
30	27	38	75	30	27	50	88	31	30	37	69	34	30	45	79	
25	-12	-27	-24	12	-23	-29	-22	35	-8	-29	-27	9	-21	-28	-23	
1	1	8	40	1	2	4	20	-1	1	3	3	2	2	2	0	
18	23	27	28	-4	0	4	5	-34	-32	-27	-22	-41	-41	-38	-36	
22	28	20	7	-22	-23	-23	-17	-25	-18	-1	17	22	41	54	60	
-47	-47	-47	-47	-47	-47	-47	-48	-47	-48	-48	-48	-48	-48	-48	-48	
18	9	6	7	30	15	5	4	47	33	15	6	50	43	31	20	
-3	-13	-14	-13	35	20	-4	-11	-6	28	31	15	-38	-30	2	32	
19	28	33	35	19	30	35	36	15	24	33	35	16	24	32	33	
18	-9	-14	-9	9	-12	-12	-8	21	-7	-12	-10	8	-11	-9	-7	
-2	22	42	51	46	53	54	53	52	52	51	51	50	50	49	48	
-54	-53	-41	-14	-50	-38	-12	1	-36	-7	8	1	-8	7	4	-4	
49	50	47	49	42	44	52	64	36	48	70	85	47	71	94	95	
-23	-23	-25	-27	-21	-23	-26	-27	-21	-19	-23	-27	-20	-22	-25	-27	
-44	19	32	-1	-49	-18	41	7	-51	-45	23	28	-48	-49	-15	38	
-3	-1	1	8	12	21	29	31	20	27	32	29	1	1	1	0	
78	73	62	51	86	80	69	57	90	90	79	67	89	93	84	68	
18	5	-14	-20	18	2	-18	-22	13	11	-9	-21	13	6	-11	-21	
-7	-12	4	38	-19	-14	28	59	-20	5	41	55	21	59	67	54	
75	82	81	74	26	21	20	15	7	2	1	0	0	-2	-3	-4	
5	-26	-43	-41	24	-2	-37	-44	31	19	-8	-32	30	25	13	-6	
-11	-9	-5	-5	-15	-11	-8	-8	-22	-19	-16	-14	-25	-24	-22	-20	
37	90	108	84	70	104	87	37	12	39	43	15	0	0	-6	-10	
5	-5	-12	-9	6	-6	-12	-12	18	11	2	0	25	30	33	37	
90	95	98	96	80	84	86	83	68	69	69	72	63	61	62	64	
-17	-15	-5	0	-18	-11	-1	0	-16	-11	-2	0	-14	-9	-2	0	
31	25	20	30	7	-2	-1	40	-27	-31	-3	45	-29	-10	36	55	
-34	-35	-32	-27	-38	-40	-41	-38	-22	-27	-31	-33	3	2	0	0	
-23	-22	-20	-15	-24	-18	-5	12	-17	2	40	54	46	97	114	96	
-44	-41	-35	-29	-44	-41	-34	-27	-45	-42	-35	-30	-44	-41	-36	-30	
-51	-51	-50	-33	-49	-51	-48	-13	-48	-50	-45	0	-48	-50	-39	10	
6	-9	1	12	20	-6	-4	8	44	1	-10	0	53	21	-5	-7	
114	130	130	124	103	127	130	128	21	87	122	129	15	60	105	125	
-4	-5	-6	-8	0	-8	-17	-23	1	-18	-38	-42	-6	-33	-46	-49	
21	68	97	95	-3	39	58	49	-13	-17	-8	0	-14	-19	-15	-7	
24	27	23	17	0	8	12	15	-28	-15	0	5	-38	-33	-17	-3	
2	-5	11	63	-1	-6	33	81	9	-3	5	60	2	-4	26	72	
59	58	57	56	58	56	56	55	57	56	54	55	55	54	54	55	
6	31	18	-1	0	16	29	1	0	1	27	19	-1	0	9	32	
-3	-3	0	-2	-1	0	3	-2	0	0	0	7	0	-1	0	36	
51	49	48	45	53	51	50	48	56	54	53	51	57	56	55	53	
-11	-10	-9	-7	-9	-9	-10	-7	-7	-8	-9	-7	-6	-6	-7	-6	
15	16	16	16	17	17	17	16	18	18	18	17	19	18	17	16	
4	1	1	0	0	0	0	0	-3	-4	-6	-6	0	0	0	0	
-108	-108	-108	-108	56	55	61	59	52	73	93	104	76	108	116	125	
-16	-14	-13	-13	-18	-17	-16	-17	-18	-18	-17	-18	-16	-15	-15	-17	
-25	-29	-4	62	-28	-27	25	87	-23	-30	-14	55	-25	-27	12	78	
0	33	6	-5	0	35	4	-6	-4	31	9	-7	0	31	11	-5	
84	101	105	99	86	103	107	98	69	98	108	104	68	94	103	101	
46	35	3	-8	2	-7	-11	-12	-6	-11	-10	-10	-9	-9	-9	-9	
-4	-3	-1	12	-4	8	58	78	-8	2	60	101	-3	11	55	85	
27	26	20	1	28	19	1	-18	28	13	-14	-28	21	-3	-25	-29	
-61	-63	-62	-62	-38	-40	-39	-41	-10	-9	-9	-10	0	0	0	0	
-9	-8	-8	-9	-46	-47	-48	-46	-71	-71	-71	-69	-76	-77	-77	-76	
49	51	51	50	52	50	50	47	29	25	25	21	-16	-21	-22	-22	
20	7	-1	-2	0	-2	-1	-1	-5	-5	-1	0	-4	-3	-2	-1	
36	38	44	48	38	44	49	32	43	49	38	-2	47	37	0	-26	
-3	-3	-1	0	-6	-6	-4	-1	0	-2	-7	-7	0	-1	-5	-5	
4	9	14	16	3	10	16	17	1	5	12	17	-1	2	8	14	
-21	-8	0	3	-4	1	3	3	1	2	1	3	0	0	2	0	
-23	-4	24	43	42	56	58	57	57	57	57	56	53	55	55	52	
-19	-22	-26	-30	-25	-29	-35	-39	-34	-39	-44	-46	-44	-47	-50	-50	
-22	-18	-17	-18	-25	-20	-15	-17	-29	-26	-19	-15	-30	-26	-21	-17	
53	29	-2	-16	48	15	-10	-16	58	36	1	-15	53	22	-7	-14	
23	20	23	41	0	0	42	60	-25	9	56	62	-5	41	63	52	
92	26	-22	-32	74	0	-31	-30	92	34	-22	-34	74	3	-29	-32	
14	21	28	25	5	13	21	26	-3	0	9	16	-4	-4	0	5	
55	47	30	17	28	15	8	-3	9	-8	-27	-36	-15	-36	-45	-46	
-36	-33	-28	-21	-43	-45	-44	-35	4	-4	-18	-27	46	41	36	26	
-52	-52	-52	-52	-52	-52	-53	-52	-51	-52	-52	-52	-51	-51	-51	-51	
15	11	0	-8	15	14	8	3	13	14	14	13	12	12	16	17	
-7	18	19	7	14	17	6	0	19	7	3	0	11	4	3	4	
37	35	30	23	38	35	27	21	37	34	26	19	37	31	24	18	
-6	-5	-9	-11	-5	-5	-10	-9	-2	-3	-4	-8	1	-1	-6	-7	
30	26	27	31	29	29	33	39	36	43	53	60	53	67	78	78	
-13	-14	-17	-17	-13	-16	-17	-15	-5	-3	-3	-3	11	15	19	20	
-3	1	3	10	70	80	81	79	110	122	122	118	119	122	121	119	
0	-36	-64	-70	7	-35	-68	-75	24	-14	-61	-74	26	-7	-58	-73	
-56	-9	57	38	-53	5	58	30	-56	8	58	29	-50	23	62	27	
-16	-11	10	19	-15	0	20	5	-12	8	17	0	4	21	5	-3	
74	74	74	73	72	71	69	69	71	70	68	68	73	73	71	69	
-1	-5	-7	-7	1	-6	-7	-7	13	-1	-7	-9	24	3	-6	-8	
2	26	25	15	14	32	22	15	-3	25	29	18	10	30	22	13	
28	23	19	16	17	21	19	15	-7	0	7	11	-24	-16	-7	1	
-19	-27	-33	-35	0	0	0	1	6	6	8	11	5	7	10	14	
-10	23	32	18	-52	-40	-4	29	-55	-54	-51	-34	-56	-55	-54	-51	
70	71	72	71	76	77	77	75	68	71	70	68	35	33	29	27	
-2	-3	-4	-8	2	4	3	5	8	6	8	10	7	6	9	13	
99	70	0	-27	106	53	-14	-23	121	96	13	-22	114	68	-4	-22	
-7	-7	-9	-9	-8	-9	-6	-5	-7	-7	-4	-2	-9	-5	-2	-2	
13	11	9	9	12	10	9	9	12	11	10	10	13	12	11	10	
37	38	33	25	-4	-13	-21	-24	-32	-32	-28	-19	-2	11	24	32	
-16	-24	-28	-28	-23	-20	-10	3	34	44	52	55	58	59	58	58	
-20	-19	-19	-20	-18	-17	-18	-20	-18	-16	-17	-20	-18	-18	-20	-21	
-21	-21	-18	-16	-20	-22	-22	-19	-21	-22	-24	-19	-21	-18	-8	32	
10	14	12	4	59	76	51	11	66	98	95	43	91	92	47	0	
39	86	103	93	62	99	103	88	38	86	102	96	60	98	102	90	
-6	-18	-20	-16	-9	-19	-20	-14	1	-14	-21	-18	-1	-16	-20	-16	
1	55	99	100	-9	46	95	102	-25	-8	43	88	-28	-18	28	86	
-1	6	12	18	-18	-22	-8	2	-1	-31	-38	-34	21	-9	-33	-39	
-5	-6	-10	-2	-11	-12	-6	41	-17	-11	32	52	-1	43	56	45	
51	48	44	43	50	45	43	42	49	43	40	39	46	41	39	39	
0	8	0	0	7	5	0	0	2	0	0	0	0	0	0	0	
-5	-3	5	17	-5	-6	-4	0	2	-2	-6	-6	22	10	-1	-4	
40	37	31	27	38	33	27	29	34	31	29	30	32	29	32	35	
-1	-15	-23	-25	0	-11	-23	-25	0	0	-13	-24	3	4	-9	-20	
24	28	29	28	29	31	29	26	25	28	25	19	20	19	13	6	
8	9	0	-11	9	3	-8	-13	8	0	-9	-10	1	-6	-9	-4	
-42	-43	-40	-37	-1	-5	-11	-16	47	48	44	35	47	47	44	40	
-7	-7	-9	-11	-8	-10	-14	-16	-12	-15	-19	-19	-15	-17	-18	-17	
-5	22	44	42	-18	10	39	42	-30	-26	-8	13	-31	-31	-25	-13	
57	35	5	0	59	19	0	-3	56	12	-1	-5	27	0	-2	-3	
109	91	50	15	115	97	52	19	115	116	102	72	114	115	110	87	
74	37	0	-9	43	6	-6	-6	13	0	-3	-4	0	-3	-4	-3	
-14	-21	37	104	-22	1	81	114	-10	-24	19	97	-21	-15	61	109	
31	32	30	30	34	33	33	32	23	22	23	22	-53	-55	-56	-56	
-31	-31	-30	-30	-29	-29	-29	-29	-27	-26	-25	-26	-24	-22	-22	-23	
-12	-10	-9	-9	-20	-19	-18	-19	-27	-29	-28	-26	-30	-32	-31	-29	
59	52	31	14	56	42	19	12	49	33	19	20	30	19	22	35	
5	47	38	0	18	50	20	-7	9	49	37	1	29	56	22	-4	
93	48	9	6	79	27	3	13	96	57	10	9	80	33	11	18	
1	0	0	-2	3	0	-1	-2	9	3	0	-4	6	0	-4	-8	
10	8	7	10	11	8	7	9	9	9	6	5	9	8	5	4	
-11	2	11	1	-16	-4	13	5	-19	-18	0	13	-19	-21	-8	13	
0	-1	-2	0	30	29	27	28	41	40	37	37	37	36	34	34	
-56	-74	-79	-78	-47	-73	-80	-79	-21	-62	-77	-80	-9	-52	-74	-78	
-79	-70	-27	33	-78	-66	-15	38	-76	-67	-14	35	-74	-60	-1	35	
89	80	28	-7	121	86	13	-16	106	98	35	-9	37	9	-13	-12	
38	47	54	54	36	48	54	52	29	40	49	52	27	36	45	48	
-4	-25	-27	-22	5	-23	-28	-24	76	21	-20	-27	78	18	-21	-25	
-22	-1	39	66	-27	-21	22	40	-7	-2	4	7	21	42	30	20	
101	100	87	62	-14	-12	-16	-18	-59	-54	-44	-53	-63	-62	-59	-61	
0	-10	-20	-27	-34	-42	-43	-43	-48	-48	-44	-33	-10	6	21	34	
-73	-73	-73	-73	-69	-68	-68	-68	-62	-61	-60	-61	-56	-54	-55	-56	
38	32	11	-15	39	40	34	8	37	38	39	31	31	33	35	34	
35	12	-14	-24	30	41	29	0	0	12	29	35	-13	-10	-2	10	
41	49	53	52	32	43	51	52	20	28	41	48	13	17	27	38	
3	-2	-8	-10	0	-7	-10	-7	0	-8	-10	-6	-2	-8	-7	-5	
-4	-10	32	59	-23	2	52	60	-2	41	57	55	48	61	61	55	
-24	-21	-16	-8	-19	-16	-8	4	-14	-10	0	17	-9	-6	4	7	
41	27	19	22	46	32	20	19	58	47	34	25	66	60	47	32	
-39	-41	-61	-73	-38	-40	-63	-74	-45	-41	-60	-73	-49	-46	-61	-72	
-7	43	24	-7	-16	34	32	-3	-23	4	34	9	-29	-21	30	33	
-14	-16	-13	-9	36	43	45	38	5	0	-6	-9	-9	-12	-13	-12	
4	57	88	44	34	91	76	23	5	56	90	54	20	71	73	28	
35	23	-7	-23	33	9	-18	-23	32	24	-3	-22	30	12	-13	-21	
-35	-29	-14	2	0	14	36	48	14	24	39	50	15	21	35	42	
-1	48	58	11	1	20	12	-10	-10	-5	-4	-9	-8	-8	-8	-7	
-34	-43	-50	-50	32	23	4	-12	45	43	38	33	43	42	37	35	
-6	0	5	5	-17	-9	0	2	-29	-25	-14	-5	-35	-30	-14	-8	
98	95	66	35	73	51	28	22	28	15	12	19	16	17	26	32	
2	2	5	10	1	2	8	14	0	3	12	22	6	11	22	30	
106	113	97	50	117	111	73	18	91	96	70	23	41	27	9	-4	
-13	-12	-7	0	-14	-13	-9	-4	-13	-15	-15	-10	-11	-15	-16	-13	
51	36	26	12	26	19	25	39	-1	-6	36	58	-25	1	52	59	
11	5	0	-7	-24	-32	-36	-37	-45	-50	-50	-47	-39	-27	-11	4	
50	20	4	-33	44	18	5	-18	24	26	36	43	6	38	58	58	
-75	-71	-60	-49	-76	-72	-61	-48	-76	-73	-65	-51	-75	-72	-65	-54	
-43	-42	-40	-35	-41	-37	-23	-6	-11	0	22	40	13	23	35	43	
-17	-10	6	9	28	26	12	2	62	63	29	0	58	45	7	-5	
-8	57	93	87	7	81	96	79	-21	42	93	94	-11	63	92	80	
64	11	-19	-21	-5	-22	-22	-15	-14	-23	-21	-17	-19	-19	-18	-15	
-11	6	76	111	-10	14	63	82	-11	-10	1	16	-10	-10	-8	-3	
-20	-20	-19	-16	-5	-2	0	-1	-3	-4	-6	-9	-25	-25	-26	-24	
-3	8	24	29	-8	0	18	29	-12	-8	2	19	-11	-8	0	12	
-68	-67	-67	-67	-67	-67	-67	-67	-67	-67	-67	-67	-67	-67	-67	-66	
5	3	0	0	5	2	2	0	7	5	2	0	8	8	7	2	
-5	0	0	0	-7	0	0	0	-5	-1	2	3	0	0	2	2	
39	41	47	52	39	44	52	55	41	45	53	56	45	51	55	55	
-9	-7	-11	-16	-8	-9	-13	-14	-12	-13	-12	-10	-14	-13	-6	0	
23	23	25	24	13	12	13	17	17	12	9	12	30	24	20	20	
0	-3	-5	-2	-6	-9	-7	-1	-4	-5	-2	0	0	-1	0	1	
-108	-108	-108	-108	61	60	60	62	66	65	66	64	68	68	70	68	
-13	-12	-12	-12	-12	-11	-12	-12	-14	-12	-12	-12	-17	-15	-14	-13	
-68	-46	-1	21	-68	-39	14	30	-65	-33	14	30	-52	-7	21	23	
7	1	2	7	39	20	7	4	33	27	8	3	4	2	4	5	
104	105	103	102	105	102	101	101	104	103	101	100	104	102	101	99	
42	4	-21	-25	19	-13	-21	-20	14	4	3	-1	3	8	19	17	
-7	-2	22	45	5	46	74	73	11	67	105	103	40	90	108	83	
55	56	53	44	54	49	34	15	49	30	13	-16	40	15	-13	-38	
-27	-27	-27	-24	-23	-20	-17	-14	-4	0	1	2	3	5	3	1	
-38	-36	-37	-37	-40	-39	-40	-42	-61	-62	-62	-62	-72	-73	-74	-73	
42	40	37	32	45	43	42	37	32	35	36	34	2	1	3	4	
0	0	0	-1	0	0	0	0	0	3	2	0	0	17	8	0	
53	54	54	48	55	56	51	35	54	55	46	19	53	51	34	11	
0	0	-3	-3	0	-2	-4	-2	0	-3	-4	0	-3	-9	-8	0	
10	11	9	4	7	6	5	3	5	5	5	3	4	4	3	1	
6	10	7	5	-19	-12	0	8	-30	-30	-8	-2	-3	-2	12	1	
-35	-41	-32	-9	-8	14	37	51	47	54	57	57	53	55	53	52	
-41	-41	-41	-41	-41	-42	-41	-41	-42	-42	-42	-42	-42	-42	-43	-42	
-42	-45	-40	14	-44	-45	-35	30	-42	-45	-40	22	-44	-46	-25	36	
30	34	20	-10	32	34	13	-17	31	37	28	-4	33	35	16	-10	
-5	31	49	37	4	43	47	36	-9	37	51	44	2	45	49	40	
31	-17	-38	-38	37	-11	-40	-42	40	9	-34	-42	36	21	-26	-38	
10	5	0	-1	8	3	0	21	6	1	-2	31	5	-2	10	46	
34	38	38	35	20	18	10	0	-18	-21	-21	-23	-21	-18	-12	-2	
-20	-21	-19	-17	-23	-25	-24	-20	-3	0	4	11	49	52	54	55	
-62	-62	-62	-62	-62	-62	-62	-62	-62	-62	-62	-62	-62	-62	-62	-62	
17	21	25	22	22	23	20	12	22	24	13	-2	29	22	4	-7	
1	0	-1	-2	13	14	8	7	-2	1	12	21	-13	-12	-4	2	
30	31	31	32	28	28	30	31	26	26	27	28	25	26	26	27	
-9	-7	-6	-8	-5	-5	-6	-8	-1	-4	-9	-8	-9	-14	-13	-9	
18	15	12	10	22	19	16	17	29	26	26	24	31	31	30	27	
-15	-16	-12	-9	-9	-8	-5	-1	-2	-1	0	0	0	0	0	0	
29	24	21	22	19	10	10	17	54	53	51	55	105	105	100	90	
-22	-30	-37	-40	-26	-33	-39	-41	-28	-33	-37	-40	-30	-34	-38	-38	
-20	14	31	21	-7	22	25	19	-23	9	28	22	-11	23	28	18	
-31	-32	-27	17	-31	-25	24	35	-20	33	29	-20	36	30	-24	-32	
59	61	63	64	59	61	64	65	58	60	62	64	58	59	61	62	
-32	-25	-13	0	-41	-39	-23	0	-14	-28	-22	0	31	17	5	1	
-4	2	21	38	9	24	43	51	16	32	48	53	25	38	48	49	
26	28	25	15	22	20	12	4	9	4	-1	-4	-3	-8	-12	-11	
-4	-8	-11	-11	-10	-13	-12	0	6	20	32	27	35	27	11	4	
-1	2	7	10	-5	1	8	12	-27	-16	-2	2	-44	-43	-36	-29	
79	91	96	100	104	107	105	96	92	79	66	52	33	15	7	6	
-19	-20	-10	-7	-24	-18	-7	-7	-22	-2	16	0	0	34	28	-1	
122	121	91	32	128	116	66	0	127	129	98	20	127	116	59	-3	
-11	-4	0	-5	-10	-3	0	-6	-10	-7	-3	-3	-10	-8	-4	-5	
15	14	21	43	17	15	21	43	18	15	15	33	16	14	16	31	
1	5	14	21	-22	-18	-9	-1	-32	-32	-32	-26	-31	-33	-33	-28	
-32	-36	-38	-38	-44	-42	-38	-34	14	27	34	36	53	53	51	49	
-30	-30	-29	-28	-30	-31	-29	-27	-31	-32	-30	-28	-31	-31	-29	-27	
-16	-15	-12	-10	-20	-17	-13	-8	-23	-20	-14	-7	-22	-18	-11	-5	
1	-5	-9	-13	54	22	-9	-17	85	60	2	-17	40	0	-16	-15	
47	103	124	125	103	128	129	126	96	122	133	131	116	132	131	125	
-3	-3	-12	-27	-3	-6	-24	-38	-5	-8	-24	-40	-6	-13	-28	-37	
19	42	66	71	0	21	53	70	-9	-6	19	50	-7	-5	9	46	
-6	-5	0	4	-10	-6	0	4	-11	-10	-6	0	-14	-13	-9	-2	
30	2	-15	-14	-3	-22	-17	14	-21	-24	6	44	-16	2	29	47	
34	34	32	34	44	43	44	45	48	50	49	48	48	48	47	46	
0	0	0	1	0	0	0	5	0	0	0	7	0	0	3	11	
0	3	2	0	0	1	1	1	5	0	0	2	33	5	-1	1	
41	38	35	33	42	38	35	33	44	41	36	34	44	41	38	36	
-21	-19	-16	-11	-13	-11	-7	-5	-6	-6	-5	-6	-6	-8	-8	-10	
21	21	20	20	20	21	20	20	22	21	22	21	23	23	23	21	
1	2	4	1	3	4	5	0	0	3	5	-7	0	2	-3	-25	
-108	-108	-108	-108	50	51	44	50	52	53	56	56	62	60	63	59	
-14	-18	-29	-41	-14	-17	-30	-42	-16	-15	-25	-39	-16	-18	-27	-37	
-4	2	15	17	-8	-6	1	13	-7	-8	-7	-1	-5	-8	-8	-5	
45	2	-18	-21	33	-6	-20	-19	60	19	-10	-14	36	4	-6	-7	
132	135	135	133	136	137	137	134	134	137	137	136	135	137	137	133	
87	87	46	-3	24	8	-12	-19	-18	-21	-21	-19	-15	-17	-16	-19	
-57	-15	60	74	-58	-26	57	74	-61	-43	30	76	-60	-45	18	74	
41	45	40	29	24	33	34	31	-8	-2	1	6	-33	-29	-22	-10	
-46	-47	-47	-47	-43	-42	-43	-43	-38	-35	-36	-37	-32	-31	-31	-32	
0	0	-2	-5	-20	-23	-26	-28	-39	-41	-43	-43	-48	-49	-49	-48	
30	39	46	43	9	15	25	32	2	2	4	7	5	8	8	7	
-19	7	50	32	-21	26	56	20	-19	42	50	2	-3	55	33	-2	
38	31	20	16	37	25	14	11	37	27	14	8	35	25	13	9	
0	0	0	-5	0	0	-1	-9	0	1	1	-4	0	0	1	0	
18	13	9	3	20	16	11	7	22	19	15	10	22	21	17	12	
-21	-20	-10	17	-22	-18	0	28	-20	-22	-11	19	-20	-17	2	29	
-3	-2	1	12	1	9	26	39	19	40	55	59	49	59	59	55	
-6	-56	-79	-82	-34	-73	-82	-83	-53	-76	-82	-83	-67	-80	-83	-83	
-52	-46	-24	-6	-52	-44	-22	-5	-52	-45	-21	-6	-47	-37	-18	-7	
46	57	52	17	52	55	39	-3	42	52	47	4	47	51	33	-8	
29	29	62	95	28	37	80	97	27	28	59	95	28	36	77	96	
47	5	-35	-43	45	-12	-41	-46	46	-20	-42	-46	32	-33	-44	-46	
13	20	24	20	2	2	5	8	-5	-3	-2	0	-2	-1	-2	0	
43	41	38	34	12	7	3	0	-30	-33	-33	-33	-45	-46	-45	-43	
31	17	7	-19	17	0	-29	-41	15	-11	-32	-8	18	14	32	51	
-63	-40	-27	-39	-67	-44	-24	-36	-70	-53	-29	-31	-69	-57	-37	-34	
32	15	-17	-26	35	28	-4	-27	35	37	23	-7	38	38	35	12	
4	-4	-19	-28	9	10	-3	-16	-15	-1	9	1	-27	-23	-11	3	
29	34	50	61	31	33	42	51	37	33	30	33	41	37	31	32	
4	-23	-29	-1	-10	-33	-22	17	6	-23	-30	-3	-6	-28	-26	4	
19	21	25	30	35	36	39	41	40	41	40	40	36	36	34	36	
-13	-19	-19	-17	-16	-20	-17	38	-20	-17	38	12	-11	41	3	-49	
37	36	38	45	61	63	61	63	79	83	78	73	88	88	82	75	
-34	-42	-44	-42	-29	-40	-44	-44	-16	-33	-43	-45	-10	-26	-39	-44	
-50	-37	26	19	-53	-49	1	32	-49	-52	-35	28	-47	-49	-48	4	
-14	-8	4	17	41	46	51	53	49	42	39	34	5	0	-2	0	
65	61	52	43	67	59	48	39	66	61	50	42	63	57	48	43	
12	5	-24	-55	14	8	-28	-60	13	6	-29	-60	13	-2	-41	-64	
-28	-18	17	31	-22	7	32	32	-6	17	33	34	16	32	34	33	
43	42	41	32	0	-4	-5	-3	-5	-9	-10	-9	-5	-8	-9	-8	
-27	-31	-31	-28	-5	-23	-32	-34	31	12	-9	-22	13	25	27	9	
0	2	0	-7	-21	-22	-22	-24	-26	-26	-25	-24	-22	-21	-19	-17	
93	89	94	98	42	59	77	82	-34	-24	-5	16	-55	-54	-48	-31	
-11	-8	-6	-4	-14	-9	-6	-5	-7	17	20	-4	44	77	47	0	
117	128	131	122	131	129	116	78	130	127	82	28	114	75	12	-13	
-29	-22	-6	1	-29	-18	0	0	-28	-22	-7	2	-26	-17	-6	0	
30	33	29	24	26	37	35	29	3	20	34	35	-10	0	22	29	
-8	3	10	13	-37	-30	-14	0	-38	-33	-33	-27	7	6	-3	-14	
-6	-8	-6	3	-6	15	26	10	-4	40	69	42	23	70	60	12	
-37	-32	-27	-23	-38	-32	-25	-21	-39	-34	-26	-20	-38	-32	-23	-19	
-53	-55	-55	-47	-53	-52	-46	-29	-51	-44	-24	16	-41	-21	21	24	
-14	-16	-14	-10	-4	-19	-21	-15	49	23	-7	-19	71	53	16	-6	
76	90	82	72	50	82	88	82	-12	40	80	92	-27	18	66	85	
17	36	20	-32	38	21	-34	-62	20	-24	-58	-66	-26	-57	-67	-67	
32	48	47	42	-28	9	42	50	-18	-26	-14	23	29	13	-1	-16	
15	0	-12	-14	13	30	18	3	-48	-18	23	35	-53	-51	-40	-1	
-8	-10	13	57	-11	-8	35	62	-12	-6	43	64	-11	2	52	60	
66	67	69	68	67	68	67	66	67	67	65	62	67	65	62	61	
12	12	4	0	5	4	1	0	0	0	4	7	0	1	10	16	
-3	-6	-12	-17	-2	-9	-18	-17	0	-10	-23	-4	-3	-15	-10	35	
61	59	57	55	63	61	58	56	64	63	60	58	65	63	61	58	
-10	-9	-15	-21	-7	-9	-16	-23	-9	-6	-12	-21	-8	-9	-16	-21	
12	13	16	20	13	14	18	22	14	17	20	23	18	19	23	26	
-6	11	6	-11	-5	12	5	-15	-13	-1	15	-1	-13	0	13	4	
6	-12	-20	-20	51	30	2	-11	109	109	90	37	123	124	101	56	
-16	-16	-16	-15	-13	-14	-15	-15	-11	-12	-14	-15	-10	-13	-15	-16	
-40	-42	-21	44	-42	-38	1	52	-39	-41	-29	29	-38	-39	-8	46	
12	9	0	-10	15	11	0	-9	17	13	0	-9	15	10	-3	-11	
76	76	76	75	76	77	76	75	76	77	76	75	76	76	76	75	
27	23	-1	-26	20	2	-23	-34	6	-7	-26	-34	-8	-21	-30	-32	
-36	-35	-15	42	-37	-16	52	101	-27	7	78	113	29	90	117	110	
49	51	44	6	53	46	12	-41	49	24	-30	-63	33	-20	-61	-68	
-53	-52	-51	-50	-35	-32	-30	-29	-14	-11	-12	-16	-31	-32	-35	-35	
-40	7	43	51	-73	-57	-37	-14	-81	-79	-77	-67	-81	-79	-79	-77	
20	22	27	35	24	32	37	40	20	21	21	21	-7	-11	-14	-16	
14	2	-4	-6	12	1	-4	-5	4	0	-3	-3	1	1	0	-1	
57	57	52	36	59	53	35	16	59	48	20	5	54	36	13	2	
-12	-13	-6	0	-12	-16	-12	-3	1	-10	-15	-12	14	0	-11	-12	
0	1	4	6	4	6	9	7	7	10	11	9	8	7	4	3	
-7	-8	-3	0	-7	-4	2	6	0	5	12	12	7	7	4	0	
-26	-9	39	54	-12	33	56	53	38	55	56	53	56	53	54	52	
-52	-49	-34	-1	-52	-52	-48	-37	-49	-53	-54	-51	-48	-51	-53	-53	
-21	-20	-11	-2	-23	-23	-16	-7	-21	-24	-25	-19	-20	-24	-27	-23	
49	48	23	5	49	37	7	0	50	32	6	-5	46	21	2	-3	
-17	-3	52	62	-15	14	62	65	-14	14	58	63	-4	36	63	58	
84	73	-18	-69	89	61	-40	-72	82	53	-44	-72	74	20	-54	-71	
1	10	22	26	0	13	24	29	-1	7	22	27	0	7	23	27	
46	34	24	12	21	11	-8	-25	-9	-26	-36	-39	-34	-40	-33	-18	
-21	-30	-33	-37	-44	-45	-46	-46	-46	-37	-22	-1	4	29	42	46	
-60	-58	-60	-61	-63	-62	-63	-64	-69	-69	-69	-69	-75	-75	-75	-75	
10	4	1	2	16	7	1	1	20	16	6	2	11	21	11	4	
-32	7	37	11	20	39	3	-16	27	-3	-17	-17	-10	-17	-17	-12	
30	25	19	18	34	29	23	23	38	37	31	26	40	40	34	32	
-13	-13	-11	-10	4	3	2	3	15	10	0	0	-5	-12	-14	-10	
30	30	31	34	29	31	34	35	34	37	41	42	43	46	49	48	
-10	-12	-11	-9	-5	-6	-6	-6	3	3	2	0	8	9	9	8	
60	59	54	49	113	117	111	102	120	124	123	121	116	117	120	119	
27	-3	-55	-75	20	-30	-71	-80	11	-42	-77	-82	-7	-58	-79	-82	
-39	-7	26	25	-32	9	28	23	-39	-13	24	27	-35	3	28	22	
-38	-26	-1	4	-25	-6	4	4	-3	3	1	1	8	2	0	0	
80	82	83	83	81	82	83	84	81	82	83	84	81	83	83	84	
-9	-12	-12	-12	0	-13	-16	-15	31	-6	-18	-18	29	-4	-16	-16	
0	1	4	11	8	12	15	18	16	20	22	22	19	22	26	24	
2	5	6	9	0	3	7	9	-12	-3	3	7	-38	-24	-6	0	
-31	-33	-33	-32	-12	-13	-13	-9	16	18	19	22	31	33	33	33	
-5	-5	-4	-3	-8	-8	-9	-11	-51	-52	-55	-54	-73	-74	-74	-72	
59	62	65	64	47	49	52	53	40	38	39	44	41	39	40	43	
-12	-12	-9	-8	12	15	12	10	14	12	10	7	7	5	4	4	
67	27	-9	-20	88	47	-2	-19	100	92	55	2	95	92	59	11	
-2	-1	-1	-1	-7	-7	-7	-7	-9	-11	-11	-8	-7	-9	-7	-6	
13	18	22	23	11	17	20	23	9	12	18	21	8	11	14	16	
23	18	14	3	5	-11	-21	-29	-28	-37	-43	-39	-38	-26	0	25	
-41	-46	-47	-41	-31	-12	9	29	38	53	56	57	54	56	55	54	
-23	-21	-18	-17	-23	-22	-21	-21	-22	-23	-25	-24	-23	-24	-25	-25	
-20	-23	-21	-11	-22	-21	-13	0	-22	-21	-12	5	-20	-14	-1	15	
0	0	6	12	13	9	5	7	59	62	39	12	91	90	54	11	
58	68	77	82	59	68	80	86	53	62	75	83	54	64	73	77	
-23	-25	-26	-25	-21	-26	-27	-24	0	-17	-26	-26	31	0	-21	-27	
0	49	86	88	49	99	108	84	14	57	83	76	3	17	20	11	
-4	-3	-1	-1	0	0	-1	-4	-10	-13	-19	-23	-26	-31	-34	-34	
-18	-22	-20	-13	-24	-25	-9	27	-22	-22	8	65	-16	25	88	112	
54	43	31	29	52	37	27	30	54	41	30	26	49	38	30	30	
0	5	17	9	0	1	0	0	0	0	0	-2	2	2	0	0	
-16	-19	2	33	-10	-26	-1	31	21	-16	-17	8	30	1	-16	0	
27	29	30	31	29	30	32	32	31	31	33	34	32	32	34	35	
-8	-16	-26	-31	-7	-13	-20	-25	-4	-6	-10	-12	-5	-4	-4	-5	
35	32	26	22	31	26	22	21	29	25	22	20	27	23	20	20	
12	10	9	8	8	5	3	1	2	0	-1	-3	-4	-6	-9	-8	
-108	-108	-108	-108	27	24	24	25	41	37	38	40	49	44	47	50	
-3	-24	-40	-44	-5	-29	-43	-46	2	-22	-43	-47	3	-23	-42	-47	
-23	-23	-6	52	-24	-24	4	68	-23	-26	-25	0	-21	-23	-21	-9	
33	18	1	-1	31	13	0	-1	33	19	1	-1	30	15	0	0	
103	108	103	84	105	109	97	73	103	108	96	73	106	105	87	61	
51	52	41	9	50	31	0	-17	35	2	-19	-24	-4	-20	-20	-7	
-24	0	75	103	-22	34	99	107	-25	-2	75	111	-16	33	97	109	
8	14	18	19	9	18	23	24	-6	2	9	8	-33	-31	-23	-20	
-22	-23	-23	-20	-23	-24	-23	-21	-20	-22	-22	-19	-17	-17	-16	-14	
-13	-17	-21	-23	-17	-19	-22	-22	-22	-23	-22	-22	-24	-23	-22	-21	
57	42	15	4	42	20	9	6	15	10	9	9	7	10	10	11	
12	47	37	0	35	57	26	-12	0	28	26	-8	-6	4	0	-13	
63	13	-5	37	50	0	7	57	70	26	-4	37	53	4	2	47	
-7	-6	-5	0	1	-6	-8	-7	27	11	-4	-7	-2	20	22	3	
17	18	18	17	14	13	11	11	8	6	4	4	4	2	1	2	
-12	1	26	4	-10	3	25	0	-14	-5	24	7	-14	0	20	0	
22	12	0	-5	49	48	41	35	49	51	51	46	47	50	49	48	
-55	-68	-73	-72	-30	-57	-69	-71	19	-14	-50	-67	29	12	-21	-48	
-79	-78	-68	-24	-80	-78	-61	-9	-80	-77	-61	-10	-79	-75	-54	-4	
89	71	24	1	90	43	1	1	82	41	0	-4	24	-3	-5	2	
17	30	43	46	20	32	44	47	20	28	41	49	22	29	40	45	
-26	-42	-46	-47	-2	-28	-47	-50	18	-2	-35	-47	15	5	-20	-36	
-2	-13	2	63	-5	-12	0	54	-6	-11	-15	2	-9	-14	-17	-12	
28	33	38	39	28	28	27	23	-25	-28	-31	-31	-50	-53	-53	-50	
-24	-24	-21	-14	-24	-24	-19	-15	-23	-18	0	11	-10	23	57	56	
-68	-69	-70	-65	-74	-74	-69	-51	-73	-68	-46	-15	-59	-36	3	31	
48	35	19	-5	42	17	-7	-31	35	17	-11	-14	26	26	28	42	
22	6	-17	-31	27	23	13	-2	26	27	24	19	21	22	20	18	
59	60	57	56	48	46	42	41	35	27	24	26	26	24	23	27	
31	0	-13	-13	17	-10	-14	-14	-1	-14	-16	-14	-12	-16	-15	-14	
-12	10	64	86	21	72	86	76	28	81	94	75	70	90	74	20	
-19	-14	-2	15	-18	-11	6	17	-18	-9	10	16	-15	0	17	16	
58	47	21	0	66	61	47	24	64	68	66	58	58	65	72	68	
-25	-26	-43	-64	-25	-23	-44	-67	-25	-23	-41	-66	-25	-26	-43	-67	
-5	3	2	0	-29	5	3	1	-50	-5	7	4	-56	-27	8	7	
-20	-18	-14	-12	28	36	38	40	20	12	0	-9	-43	-45	-45	-43	
52	98	81	29	79	98	51	14	35	88	84	35	64	98	62	17	
24	5	-6	-5	21	18	-4	-7	5	28	10	-4	0	15	25	0	
-10	-16	-8	32	-17	-10	19	36	-11	3	38	13	-4	23	18	-7	
0	13	49	65	-2	4	22	30	-1	-2	-2	-2	-4	-3	-6	-8	
-14	-18	-17	-14	3	0	0	1	35	33	31	29	42	41	43	43	
-4	-3	-8	-11	-7	-5	-7	-9	-23	-16	-9	-4	-38	-32	-14	0	
97	107	95	64	82	65	28	0	25	3	-13	-21	-12	-19	-22	-19	
0	0	0	0	1	3	5	5	9	10	11	13	15	14	14	16	
11	70	99	97	79	87	103	82	93	109	95	75	105	100	79	36	
-5	-11	-13	-7	-10	-15	-11	-2	-10	-15	-10	0	-11	-12	-5	0	
74	65	14	-9	47	16	-7	7	3	-10	9	42	-2	24	65	74	
-27	-15	-6	-3	-51	-49	-46	-43	-44	-51	-52	-51	-7	-14	-17	-21	
26	-1	-29	-36	19	-5	-14	11	28	34	40	54	41	52	57	58	
-54	-51	-44	-37	-54	-51	-44	-36	-54	-51	-45	-36	-53	-51	-44	-37	
-77	-74	-72	-63	-75	-66	-41	11	-49	-8	53	95	27	82	106	103	
-23	-6	21	32	0	15	23	25	22	24	23	20	24	19	15	15	
4	71	114	116	34	99	118	113	-1	61	107	117	20	85	110	106	
13	-9	-21	-24	-5	-20	-24	-23	-13	-21	-24	-23	-20	-24	-23	-21	
-27	-8	53	95	-28	-15	40	86	-27	-30	-14	33	-30	-28	-10	28	
-2	1	2	2	-3	-1	0	7	-3	-18	-15	0	4	-33	-44	-32	
-17	-9	30	47	-17	-13	13	49	-17	-19	-10	36	-16	-20	-11	20	
-79	-79	-79	-79	-80	-80	-79	-79	-79	-79	-79	-79	-79	-79	-79	-78	
3	2	0	1	3	1	7	27	4	3	0	2	2	0	-1	0	
0	-1	0	0	0	0	0	0	16	2	1	0	-1	-3	-1	0	
55	54	51	48	55	52	49	47	53	50	48	47	50	48	46	46	
-19	-8	-3	-8	-15	-5	-7	-12	-14	-7	-7	-13	-10	-4	-8	-13	
29	27	20	12	28	24	16	11	23	18	12	10	17	13	8	8	
-3	-4	0	0	-1	-1	0	-1	-2	-2	1	1	-4	1	13	5	
-108	-108	-108	-108	55	56	57	54	59	61	61	60	62	62	61	65	
-11	-12	-11	-9	-14	-15	-13	-13	-13	-13	-12	-13	-10	-9	-9	-9	
-36	-32	11	41	-37	-18	29	38	-35	-35	2	40	-37	-22	23	37	
10	7	4	3	7	6	2	-2	5	5	0	-5	7	2	0	-6	
96	92	84	77	96	90	82	77	95	90	84	81	93	90	86	83	
44	25	6	0	21	4	0	1	13	3	1	1	12	5	2	2	
-33	11	81	103	-15	66	111	109	-12	60	105	108	55	103	108	102	
34	33	30	28	30	25	23	25	31	15	-1	-2	24	1	-15	-16	
-44	-46	-46	-44	-21	-26	-29	-28	4	5	6	5	15	16	14	16	
-77	-70	-41	0	-81	-80	-70	-42	-80	-82	-80	-70	-78	-80	-79	-75	
51	54	56	54	55	55	53	44	46	35	22	15	18	10	-2	-12	
0	-3	-5	-2	0	-4	-4	-1	4	0	0	1	9	6	2	0	
49	48	46	44	50	49	48	47	48	47	44	40	26	22	19	19	
0	-4	-6	-5	-2	0	5	10	-4	-2	0	2	-2	-2	-3	-6	
10	4	3	4	9	5	5	5	10	7	7	8	4	4	6	9	
0	-5	-3	0	0	-5	-1	0	-2	-4	-2	0	-9	-5	0	0	
-47	-47	-43	-41	10	20	24	25	53	52	50	49	49	46	43	43	
-34	-36	-36	-35	-34	-34	-34	-33	-32	-32	-32	-31	-31	-30	-30	-30	
-30	-34	-19	7	-34	-31	-8	16	-28	-33	-20	5	-30	-31	-13	9	
58	48	-3	-42	63	55	6	-36	55	62	29	-25	52	60	32	-16	
32	57	59	52	20	57	64	55	-5	34	59	59	-10	16	53	55	
34	18	-22	-41	45	28	-20	-40	46	41	-2	-35	47	41	2	-34	
2	6	11	13	-2	1	10	14	-6	-1	5	13	-7	-5	0	7	
20	22	25	28	6	7	8	9	-10	-7	-6	-7	-51	-51	-52	-51	
6	-7	-17	-25	-30	-36	-37	-35	-34	-17	4	22	27	45	51	53	
-74	-74	-74	-74	-74	-73	-73	-74	-73	-73	-73	-73	-73	-72	-72	-72	
22	22	14	-2	22	20	7	-8	21	19	9	-6	20	15	4	-6	
3	2	3	5	1	4	6	5	-4	4	6	4	-25	0	6	4	
24	23	26	29	22	22	25	27	25	26	27	27	32	34	34	32	
-5	0	1	-7	-1	0	-8	-29	-1	-1	-18	-30	0	-9	-20	0	
27	34	32	19	27	36	34	20	23	33	41	31	29	38	37	29	
-10	-12	-5	2	-10	-8	0	0	-11	-6	6	-1	-10	1	1	-14	
-16	-17	-18	-10	5	12	23	43	61	75	80	84	93	93	89	88	
40	14	-50	-54	18	-49	-57	-55	-48	-55	-54	-52	-53	-53	-53	-52	
26	36	37	37	3	25	38	41	-32	-6	24	37	-40	-26	7	27	
-19	-26	-18	42	-25	-12	48	4	-5	49	0	-56	53	-9	-58	-58	
70	69	66	65	74	74	71	69	71	71	70	68	68	69	68	68	
-29	-29	-27	-28	-23	-27	-29	-28	10	-4	-19	-26	44	37	5	-18	
6	5	7	13	7	9	14	29	8	12	22	42	11	19	34	46	
8	9	10	9	13	14	15	15	12	14	13	12	-3	-2	-2	-1	
-14	-11	-12	-15	-10	-3	4	10	44	45	44	37	-32	-38	-43	-48	
-5	-7	-8	-7	-2	-2	-1	-3	-9	-10	-10	-14	-54	-54	-56	-56	
108	114	110	99	84	82	77	71	41	41	39	40	33	35	38	42	
-3	0	1	3	-6	-6	-5	-1	7	5	1	1	22	25	16	13	
99	66	41	40	93	59	40	40	105	79	45	39	102	72	46	41	
-6	-4	-7	-7	-2	-2	-4	-3	-5	-6	-3	0	-4	-7	-3	0	
15	26	42	49	16	22	33	42	10	15	20	25	2	7	9	11	
28	28	26	18	-10	-13	-16	-16	-25	-26	-25	-25	-21	-21	-19	-18	
-37	-36	-33	-28	-36	-39	-44	-41	29	25	13	-2	46	45	41	34	
-22	-24	-27	-28	-24	-27	-28	-27	-26	-27	-27	-27	-27	-28	-27	-25	
-23	-23	-21	-20	-18	-20	-20	-19	-9	-12	-15	-17	-2	-5	-10	-13	
6	-6	-15	-17	65	20	-13	-17	110	92	20	-18	94	37	-14	-23	
-15	5	58	110	54	97	123	129	90	118	127	125	121	125	125	122	
0	0	-4	-8	-1	-4	-9	-14	-3	-8	-13	-17	-7	-14	-18	-19	
-2	-1	63	105	-2	49	111	117	5	1	43	79	4	-2	3	14	
8	13	9	2	0	-3	-5	-7	-5	-8	-10	-10	-7	-10	-10	-8	
0	1	0	-1	0	-2	-9	-8	-1	-7	2	35	-3	4	50	62	
40	37	41	47	38	36	42	49	38	36	40	50	35	36	45	52	
-1	0	2	5	0	2	4	4	0	6	4	2	2	7	2	0	
6	9	6	3	-14	0	8	5	-5	-7	-4	0	58	50	10	-6	
43	45	44	40	43	44	40	35	38	39	36	32	37	35	31	28	
-17	-16	-14	-12	-18	-13	-9	-10	-14	-8	-3	-3	-8	0	3	0	
23	21	22	23	20	20	21	22	19	18	17	19	18	16	15	17	
-15	-11	-4	-1	-9	-3	-4	-9	-4	-2	-8	-19	-1	-9	-23	-33	
-108	-108	-108	-108	35	36	39	39	49	41	54	54	56	55	61	50	
-16	-20	-26	-28	-15	-19	-25	-27	-14	-14	-19	-24	-12	-11	-14	-17	
-15	0	30	43	-19	-16	-10	3	-15	-16	-18	-18	-14	-15	-15	-12	
41	5	-17	-10	38	-7	-17	-5	40	-6	-17	-9	16	-17	-16	-4	
114	117	117	115	112	115	117	116	105	109	111	112	100	102	105	105	
52	46	11	-22	56	20	-17	-32	38	4	-23	-31	1	-26	-33	-27	
-26	-15	41	71	-27	7	59	65	-26	-20	27	67	-27	-3	52	68	
56	57	56	43	53	37	26	19	24	18	0	-19	-1	-22	-35	-36	
-73	-74	-74	-72	-64	-65	-64	-62	-35	-30	-30	-31	-6	0	2	-2	
-25	-20	-18	-17	-34	-29	-25	-22	-42	-40	-36	-30	-44	-44	-41	-36	
32	28	24	18	31	32	26	21	8	15	20	21	-15	-8	1	10	
-9	38	-4	-20	14	35	-11	-18	30	23	-14	-16	37	10	-15	-10	
53	45	22	-3	52	42	11	-7	55	52	29	0	55	47	19	-4	
0	-4	-13	-18	4	-1	-11	-14	5	3	-2	-8	5	5	1	-3	
8	11	11	7	7	9	11	9	7	8	9	10	5	6	10	9	
-4	-22	-23	20	-10	-27	-11	47	-1	-19	-26	12	-7	-23	-13	46	
-1	4	15	20	0	-7	-1	11	21	18	14	17	59	62	71	65	
-76	-79	-79	-78	-72	-77	-79	-79	-60	-71	-77	-79	-47	-62	-72	-75	
-64	-55	-23	13	-66	-62	-41	7	-66	-67	-59	-23	-64	-67	-64	-45	
59	74	70	33	78	72	36	-11	84	74	28	-21	65	25	-19	-34	
60	44	19	38	45	18	36	87	47	22	30	91	27	18	71	109	
21	2	-25	-34	15	-9	-32	-34	21	3	-24	-34	17	-5	-28	-32	
0	4	14	21	0	0	9	19	8	0	1	11	12	0	-1	5	
30	23	13	3	1	-7	-20	-27	-31	-38	-40	-41	-44	-46	-44	-40	
31	35	33	33	9	9	10	11	-2	-2	3	9	21	40	51	43	
-48	-49	-49	-49	-47	-47	-48	-47	-45	-45	-44	-45	-42	-41	-41	-40	
37	4	-9	-1	45	16	-8	-5	48	36	1	-8	43	43	15	-8	
-7	-8	-7	-6	25	0	-10	-11	26	39	15	-6	-41	-1	39	35	
24	21	22	25	21	18	24	29	19	17	23	33	19	22	31	37	
3	-9	-17	-16	12	-9	-18	-17	18	0	-15	-18	5	-8	-18	-19	
20	47	55	55	52	58	56	54	55	57	56	53	55	55	53	51	
-34	-38	-36	-28	-34	-35	-27	-8	-32	-29	-8	13	-27	-12	7	18	
35	36	39	45	42	46	51	55	53	58	63	63	63	67	68	66	
-15	-17	-20	-24	-23	-26	-30	-31	-26	-30	-32	-33	-30	-32	-33	-33	
-45	-9	6	-3	-57	-26	8	1	-66	-52	-6	8	-66	-61	-30	4	
-7	0	13	2	4	39	53	28	-10	15	38	25	-8	-8	-6	-4	
100	96	75	54	104	92	65	46	102	100	74	50	101	90	64	45	
14	10	-2	-23	15	11	-9	-36	13	13	-3	-40	13	10	-8	-39	
-2	-15	-19	26	-31	-31	-3	45	-14	10	41	55	44	56	53	55	
61	64	61	56	41	49	47	39	-12	-11	0	-1	-20	-20	-19	-17	
19	0	-38	-52	23	16	-13	-36	21	20	12	-8	19	18	13	3	
-3	-1	-1	-1	-5	-4	-5	-3	-11	-13	-14	-13	-17	-19	-19	-16	
77	81	82	79	64	64	62	59	23	16	15	16	3	3	4	5	
-3	0	0	-1	-6	-3	0	2	0	6	20	25	27	40	43	36	
76	82	84	83	86	92	91	81	87	89	82	69	79	70	54	39	
-18	-6	2	0	-21	-3	1	-2	-26	-7	3	3	-21	-1	7	4	
55	48	34	21	33	18	18	28	5	-12	-15	32	-28	-33	-9	49	
-30	-31	-32	-33	-29	-30	-29	-26	-23	-21	-17	-17	-11	-7	-5	-6	
-1	-3	-4	-5	-1	-2	0	-8	-6	10	47	48	8	64	93	80	
-46	-49	-49	-45	-49	-50	-48	-41	-48	-48	-43	-29	-45	-41	-28	-4	
-34	-37	-37	-34	-37	-39	-40	-31	-38	-40	-38	-19	-36	-32	-9	36	
-1	5	5	3	8	0	-1	-5	73	29	-6	-10	62	8	-7	-10	
57	98	113	105	23	79	114	114	-3	18	79	105	1	11	53	86	
-2	0	-9	-22	-4	-11	-23	-33	-19	-29	-36	-38	-35	-39	-37	-35	
-2	46	79	71	5	61	85	54	-10	0	25	14	-2	-9	-14	-12	
21	28	22	18	-8	2	17	29	-14	-16	-10	5	-12	-15	-16	-14	
-18	-14	6	34	-17	-3	33	57	-18	-16	12	54	-18	-7	26	49	
54	58	59	57	58	60	61	55	58	61	59	50	59	58	49	30	
3	24	6	-6	-1	19	22	-6	0	7	33	-1	0	3	27	6	
0	-2	-5	-3	-5	-5	-2	10	-7	-8	0	20	-6	-5	10	13	
51	51	53	54	50	50	52	53	50	50	52	53	49	50	51	52	
-5	-6	-8	-10	-7	-6	-6	-10	-9	-9	-8	-10	-8	-7	-8	-10	
12	13	13	13	12	14	14	14	13	14	14	15	13	14	15	17	
0	0	2	0	0	0	0	0	0	-2	-4	-4	0	-7	-11	-9	
-63	-74	-80	-81	-65	-76	-81	-82	-67	-76	-81	-82	-70	-77	-81	-81	
-5	-13	-19	-18	-12	-18	-20	-16	-15	-19	-18	-13	-18	-19	-15	-10	
-33	-35	-29	24	-37	-37	1	72	-38	-37	1	71	-36	-22	37	78	
-9	-3	-3	-8	7	26	14	-9	4	34	37	0	8	22	3	-15	
110	111	113	112	110	112	113	113	93	93	95	95	63	62	61	64	
35	35	9	-7	33	11	-7	-9	-2	-12	-11	-7	-15	-14	-10	-5	
-11	-12	4	3	-5	43	71	55	-6	39	84	84	-7	37	64	50	
31	31	27	23	25	23	27	0	19	26	7	-34	16	11	-31	-50	
-47	-46	-45	-41	-35	-42	-44	-42	-5	-9	-13	-12	5	6	6	8	
25	23	14	2	-53	-57	-62	-66	-79	-80	-81	-80	-80	-80	-79	-74	
43	47	47	44	42	44	43	38	12	12	13	15	-4	-4	-4	-2	
28	8	4	6	5	0	0	1	1	0	0	0	0	0	0	1	
29	24	22	31	40	37	36	35	47	47	25	6	28	7	-14	-17	
0	-2	-5	-5	-1	-2	-1	-5	-3	0	0	-2	0	0	-3	-9	
8	7	9	14	3	3	6	8	2	3	6	8	7	7	8	8	
-9	0	7	8	-8	0	6	5	-7	-4	1	4	-4	-3	0	4	
-35	-23	2	32	18	42	54	56	54	57	56	54	55	55	52	50	
-43	-41	-41	-40	-39	-36	-35	-37	-41	-41	-41	-42	-61	-62	-62	-62	
-31	-27	-17	-13	-28	-21	-13	-14	-25	-22	-14	-15	-24	-19	-16	-20	
76	55	4	-20	69	34	-11	-22	68	57	7	-19	71	39	-7	-15	
8	17	43	55	5	17	48	55	4	12	42	55	3	20	47	56	
67	18	-57	-74	70	37	-49	-73	70	54	-17	-68	68	59	6	-62	
1	8	32	5	1	0	29	18	0	-1	8	33	1	-1	-1	26	
51	51	47	39	38	27	18	11	16	0	-19	-32	-28	-40	-46	-50	
-38	-38	-38	-35	-48	-49	-48	-45	-34	-34	-36	-38	36	35	32	24	
-56	-53	-49	-45	-58	-56	-52	-49	-61	-59	-57	-53	-61	-61	-59	-56	
26	22	4	-1	19	31	15	1	8	25	30	9	0	8	28	21	
-12	7	29	1	-5	24	12	-4	18	21	2	-6	33	8	0	-3	
41	40	38	37	39	38	36	33	32	31	28	25	25	23	19	18	
-13	-16	-18	-19	-5	-10	-14	-14	0	-1	-5	-7	0	0	0	0	
35	28	29	33	32	23	17	22	32	23	31	48	28	44	72	82	
-26	-27	-26	-24	-29	-28	-27	-24	-21	-20	-16	-11	0	8	17	18	
49	29	5	-6	97	89	60	31	103	109	102	88	91	92	94	91	
52	-38	-71	-70	58	-36	-72	-70	69	-11	-67	-70	69	-9	-63	-68	
-50	-43	32	16	-51	-29	37	2	-50	-10	39	-3	-48	8	33	-12	
-11	-5	23	4	-7	9	16	-11	-4	16	0	-13	6	5	-11	-16	
69	68	70	72	71	71	72	72	74	75	75	73	73	73	72	71	
-21	-17	-15	-15	-9	-8	-13	-13	20	9	-3	-9	30	14	1	-7	
0	15	26	31	4	21	31	31	3	20	31	32	9	24	31	29	
13	15	14	13	9	16	16	16	-11	7	16	19	-29	-3	14	16	
-16	-30	-36	-33	14	4	-7	-17	21	19	14	3	18	17	14	9	
-10	-2	1	6	-38	-27	-13	-6	-50	-51	-47	-38	-42	-50	-51	-51	
30	41	47	44	81	90	84	77	84	91	86	75	51	46	41	39	
2	0	-2	-7	7	4	-1	-7	10	14	6	0	2	5	14	11	
79	76	36	-4	87	66	18	-12	80	81	42	-2	78	61	19	-7	
-13	-8	-4	-6	-4	-1	-3	-7	-3	-3	-6	-7	-2	-3	-5	-4	
7	11	15	14	12	14	15	13	15	17	14	10	16	13	8	3	
31	27	21	18	13	6	-6	-10	-24	-30	-29	10	-30	-19	12	54	
-35	-41	-45	-46	-44	-38	-21	0	6	31	48	54	47	51	52	50	
-18	-20	-19	-15	-18	-18	-15	-12	-17	-19	-18	-14	-19	-21	-19	-15	
-19	-20	-22	-25	-22	-25	-27	-21	-25	-28	-26	3	-29	-23	16	62	
-3	-6	-7	-8	59	40	4	-8	86	101	64	0	96	84	26	-9	
57	89	105	104	53	94	108	107	35	66	100	109	26	62	94	104	
-7	-11	-14	-15	-6	-12	-13	-14	-3	-7	-12	-14	0	-4	-9	-10	
9	65	106	112	-7	47	96	102	-28	-22	13	55	-31	-29	-12	14	
5	-3	1	8	7	-9	-13	-4	23	0	-34	-32	28	10	-29	-42	
-13	-14	-16	-10	-8	-4	1	17	-5	0	26	48	0	12	46	52	
49	50	43	30	52	52	42	30	48	53	47	36	46	50	46	36	
6	7	4	0	0	2	1	0	0	5	4	0	0	0	0	0	
7	7	5	-2	-12	-15	-16	-16	-19	-15	-12	-10	12	18	18	17	
34	34	34	34	34	35	35	32	34	35	34	30	34	34	30	27	
-3	0	-11	-24	-1	0	-14	-26	-8	0	-1	-19	-6	0	-4	-19	
33	34	33	30	27	27	26	25	19	18	18	19	13	13	17	21	
-8	23	7	-6	36	7	-12	-8	17	-11	-12	-9	-9	-9	-4	-2	
-50	-50	-51	-49	-33	-29	-27	-29	40	44	43	37	51	49	48	45	
-11	-9	-12	-18	-10	-9	-14	-20	-14	-15	-18	-24	-21	-25	-29	-32	
-20	4	54	80	-32	-18	18	45	-33	-32	-28	-14	-29	-26	-26	-24	
42	8	1	6	38	3	4	9	51	10	2	9	41	7	4	9	
121	120	98	51	130	127	103	53	124	131	124	102	126	130	123	97	
92	69	10	-2	67	31	1	0	17	3	0	1	-8	-7	-4	-1	
-20	-21	-1	55	-26	-13	52	100	-30	-20	42	95	-23	26	88	104	
20	22	28	37	22	27	33	34	8	10	12	14	-38	-39	-38	-32	
-43	-44	-43	-40	-39	-39	-37	-33	-31	-29	-26	-22	-22	-19	-17	-17	
-29	-29	-29	-29	-12	-9	-10	-14	-25	-23	-23	-24	-36	-37	-37	-34	
53	60	55	14	53	57	45	15	40	30	23	21	13	1	0	31	
13	58	48	22	37	61	35	11	3	56	53	23	25	58	41	15	
56	26	16	18	60	26	17	20	78	57	21	13	84	52	16	10	
-6	0	0	-5	1	11	0	-4	0	11	1	-2	10	4	-2	-2	
5	13	10	0	6	13	8	-1	6	14	10	0	9	15	7	0	
-20	-6	12	19	-23	-3	17	17	-26	-15	3	10	-23	-14	-2	4	
5	-13	-20	-16	40	33	16	5	29	42	49	46	-8	15	33	44	
-52	-60	-62	-60	-47	-58	-62	-61	-39	-52	-60	-62	-36	-47	-57	-60	
-79	-73	-49	-15	-76	-62	-24	3	-74	-52	-6	10	-63	-29	9	13	
120	114	74	26	113	70	15	-10	111	71	10	-19	59	3	-20	-17	
55	57	52	45	49	58	52	47	32	50	56	53	17	42	55	55	
-16	-29	-32	-29	-9	-29	-32	-30	41	-5	-26	-30	42	-1	-23	-28	
-33	-16	28	51	-19	-29	-23	1	13	-2	-10	-16	15	18	25	19	
109	105	87	70	46	32	12	-11	-25	-43	-54	-64	-66	-71	-74	-74	
10	7	1	-6	-20	-27	-29	-31	-37	-39	-34	-22	-8	10	31	38	
-62	-62	-62	-60	-57	-55	-54	-53	-50	-47	-45	-45	-44	-40	-38	-39	
40	33	8	-9	42	36	15	-7	43	41	33	11	43	45	40	24	
42	36	7	-19	7	25	42	30	-2	-2	8	33	-3	-4	0	-2	
38	38	39	42	33	31	35	40	30	26	28	35	30	28	33	37	
1	0	-6	-9	0	0	-6	-8	-9	-4	-6	-8	-12	-9	-9	-9	
-13	0	47	65	-12	32	63	57	-2	36	53	37	48	70	44	11	
-17	-16	-13	-8	-13	-8	-3	1	-5	0	8	18	5	13	20	20	
49	40	35	35	59	46	37	36	76	67	51	44	80	70	58	48	
-34	-43	-50	-52	-33	-43	-50	-52	-33	-43	-50	-52	-35	-43	-49	-51	
-19	47	-4	-21	-43	34	15	-19	-51	-5	37	-12	-51	-42	36	7	
-11	-6	4	12	43	44	42	32	-29	-39	-42	-44	-46	-47	-48	-47	
40	79	93	59	57	95	90	47	31	74	98	74	47	87	91	53	
32	34	12	-15	35	25	-4	-23	33	36	11	-16	35	25	-2	-23	
-10	-17	-14	2	-9	-4	23	34	14	31	36	30	35	32	21	15	
1	50	80	63	0	14	14	1	3	-2	-10	-14	2	-5	-13	-13	
-9	-20	-29	-25	34	26	13	4	40	36	29	21	37	35	30	25	
-13	-2	2	1	-36	-23	-8	-2	-42	-39	-26	-6	-34	-38	-28	-3	
55	82	73	29	70	83	51	25	10	38	43	50	-3	9	37	50	
-9	-11	-12	-8	0	5	9	14	10	16	22	27	12	18	24	25	
65	83	85	66	73	85	69	30	77	75	50	8	79	54	6	-17	
-27	-25	-15	-2	-26	-19	-9	0	-17	-14	-10	-7	-9	-7	-7	-10	
47	32	11	-10	62	61	61	48	37	57	66	63	-5	22	46	44	
1	5	7	9	-31	-32	-31	-27	-41	-40	-39	-35	-10	-4	0	7	
51	19	-4	-21	24	16	24	36	0	26	53	58	-10	40	57	54	
-78	-80	-81	-77	-80	-80	-79	-70	-80	-78	-72	-56	-76	-69	-52	-26	
-55	-58	-58	-56	-44	-45	-42	-34	-12	-8	7	21	15	20	26	28	
-1	5	7	0	27	56	34	0	22	60	66	26	32	46	35	0	
29	53	82	84	31	67	88	76	22	47	80	82	27	55	80	77	
58	26	-20	-34	15	-21	-37	-36	-9	-31	-37	-31	-30	-35	-32	-18	
19	9	41	99	19	13	57	100	42	24	10	31	38	16	-2	0	
0	0	0	0	0	2	3	0	-3	-1	-1	-2	-19	-23	-21	-21	
-5	-10	0	19	-3	5	39	53	-6	-2	16	31	0	-1	-4	-2	
-80	-79	-73	-63	-81	-80	-73	-62	-80	-80	-75	-65	-80	-79	-75	-65	
3	3	4	4	3	1	2	4	5	1	3	6	13	2	2	4	
0	0	2	0	-4	-5	0	2	-3	-2	0	0	0	0	-1	-2	
51	56	62	64	48	55	63	65	42	48	57	63	39	45	53	57	
0	-7	-13	-11	-3	-12	-13	-10	-8	-12	-13	-11	-12	-12	-12	-12	
20	26	26	18	20	20	14	6	20	27	23	12	27	31	26	17	
-1	0	-4	-7	-3	-6	-9	-8	-6	-7	-8	-5	-5	0	5	9	
-108	-108	-108	-108	53	59	57	56	72	70	66	64	78	75	73	74	
-25	-16	-6	-12	-24	-10	-4	-17	-24	-17	-5	-10	-20	-14	-9	-14	
-47	-49	-15	42	-49	-49	6	40	-47	-47	26	30	-49	-41	36	18	
18	20	-1	-20	43	31	0	-18	23	23	1	-12	-7	-8	-12	-10	
87	90	94	95	91	94	98	99	97	101	104	104	102	106	107	105	
38	23	-13	-24	17	-10	-22	-15	-12	-22	-11	12	-25	-13	15	26	
2	3	17	51	2	30	84	105	12	18	78	110	16	60	101	103	
48	54	54	52	54	53	45	32	36	20	13	5	10	-4	-20	-29	
-30	-35	-35	-31	-12	-12	-8	-7	-6	-5	-2	-2	-8	-7	-7	-6	
-33	-35	-39	-42	-43	-45	-48	-48	-50	-52	-53	-52	-52	-53	-53	-52	
20	34	46	50	36	44	53	52	36	39	37	33	18	16	13	8	
0	-3	-7	-6	15	6	-4	-3	0	15	16	3	-5	-1	3	9	
53	56	56	58	56	58	59	53	59	57	41	23	53	31	9	-6	
-4	0	1	0	0	0	-6	-8	-1	-3	-5	-7	0	-1	-1	-4	
0	4	4	6	13	26	22	9	0	3	4	0	0	2	0	0	
-3	3	12	6	-14	-8	-4	-6	-20	-16	-13	-11	-18	-12	-11	-13	
-34	-32	-17	1	16	36	50	53	49	54	55	54	48	53	54	53	
-37	-37	-37	-37	-36	-37	-37	-37	-36	-37	-37	-38	-36	-37	-37	-37	
-31	-39	-38	-9	-35	-41	-32	14	-30	-40	-39	-13	-34	-39	-34	0	
39	24	1	-1	36	30	5	-2	27	35	18	1	22	31	24	5	
1	52	61	54	6	60	60	56	2	59	58	52	29	64	55	51	
42	27	-19	-32	45	11	-30	-35	50	10	-30	-35	42	-5	-32	-34	
0	-1	1	32	2	-1	6	38	0	1	2	30	0	0	8	38	
54	53	50	51	22	17	16	16	-14	-19	-22	-20	-25	-28	-28	-23	
-9	-8	-7	-8	-14	-14	-12	-13	-9	-11	-10	-8	39	43	42	37	
-57	-57	-58	-58	-57	-57	-57	-57	-56	-56	-57	-57	-56	-56	-56	-56	
9	13	13	14	13	17	15	10	15	17	11	-8	14	8	-11	-31	
13	5	-3	-6	0	16	14	0	-10	-6	8	13	-7	-6	-4	0	
23	24	24	24	28	29	27	25	30	30	29	25	29	29	26	24	
-6	-6	-5	-6	-6	-5	-3	-3	-4	-4	-5	-6	-4	-6	-11	-21	
14	14	16	18	21	23	25	28	26	27	27	30	22	20	21	24	
-4	-7	-13	-13	0	0	0	-3	0	1	5	3	0	0	1	3	
-5	-12	-16	-12	40	31	12	0	66	70	63	52	60	61	68	60	
8	-29	-48	-51	-27	-48	-52	-52	-43	-52	-53	-52	-48	-53	-53	-52	
-23	10	46	40	-14	33	48	35	-26	0	44	43	-18	24	48	39	
-36	-28	18	31	-27	25	48	7	18	44	11	-23	31	5	-24	-29	
70	70	72	73	69	69	71	73	69	69	70	72	66	64	67	70	
-35	-30	-18	0	-29	-35	-21	2	24	10	4	9	38	35	29	17	
5	12	22	32	11	20	32	37	25	32	35	36	37	38	37	34	
24	18	6	2	22	16	6	1	3	8	7	3	-4	1	4	0	
-27	-27	-27	-26	-26	-22	-20	-16	30	39	43	42	25	17	8	-1	
-3	2	6	8	-17	-4	0	4	-50	-37	-18	-4	-59	-56	-49	-35	
123	125	124	124	112	116	120	117	53	67	72	75	1	1	5	12	
0	-5	-7	-6	-10	-14	-10	-5	-18	-19	0	10	-5	44	51	13	
115	107	45	-13	118	88	14	-19	109	112	61	-2	118	96	32	-9	
-6	-6	-9	-13	-5	-2	-5	-12	-8	0	0	-5	-10	-4	0	-6	
27	24	24	47	25	20	29	60	25	21	22	47	27	24	29	59	
-3	-2	2	8	-28	-32	-22	-8	-34	-42	-42	-36	-10	-26	-36	-41	
-78	-76	-77	-72	-74	-69	-65	-54	-24	-15	1	14	48	61	62	61	
-29	-29	-30	-32	-27	-28	-31	-32	-27	-27	-29	-32	-27	-29	-31	-32	
-17	-21	-16	-11	-16	-18	-13	-7	-12	-15	-15	-8	-13	-16	-13	-5	
24	21	2	-9	72	64	28	-8	63	66	31	2	14	13	-2	0	
-6	69	117	131	59	116	129	130	54	109	129	131	101	124	129	125	
0	-15	-28	-30	-3	-21	-30	-30	3	-12	-27	-31	-1	-17	-27	-28	
4	7	26	51	1	26	72	88	-12	1	36	61	-15	-10	2	15	
-12	-12	-5	1	-9	-9	-2	2	-2	-10	-10	0	-2	-11	-7	0	
-9	-14	-21	-14	-9	-18	-17	1	-10	-17	0	35	-12	-11	25	36	
48	45	43	42	44	40	38	39	48	45	42	42	56	54	51	50	
-4	-7	-3	14	-5	-8	2	26	-4	-8	-5	15	-5	-8	-4	9	
0	-1	0	1	7	0	0	1	31	4	0	1	25	6	-1	0	
43	38	26	8	46	41	37	28	46	45	43	40	46	44	43	42	
-13	-15	-17	-19	-11	-10	-12	-13	-10	-7	-6	-8	-11	-8	-8	-8	
16	21	27	30	16	22	26	27	16	22	23	23	20	24	24	20	
-12	-8	0	5	3	12	15	12	-1	1	0	-4	-9	-12	-16	-17	
-108	-108	-108	-108	44	45	48	49	58	56	55	58	56	64	61	62	
-13	-36	-49	-47	-11	-32	-48	-50	-12	-20	-34	-41	-12	-11	-16	-25	
-19	-8	15	29	-25	-11	14	27	-24	-22	-17	-3	-20	-22	-27	-23	
9	-7	-13	-10	24	-2	-12	-13	35	13	-6	-16	31	26	0	-15	
119	120	120	119	121	122	121	121	121	122	122	121	119	120	121	120	
98	61	3	-17	38	-5	-24	-21	6	-17	-25	-25	-21	-23	-24	-20	
-36	43	65	53	-51	22	68	64	-60	-18	58	58	-64	-37	38	60	
24	31	41	41	24	29	29	24	2	1	2	-2	-18	-20	-20	-23	
-49	-48	-47	-43	-55	-57	-56	-56	-43	-45	-48	-49	-12	-14	-17	-20	
9	11	7	4	-39	-42	-42	-42	-52	-54	-53	-51	-42	-43	-42	-40	
37	40	44	41	38	29	17	10	9	0	-2	0	0	0	0	0	
-48	7	35	-7	-45	23	27	-11	-46	32	18	-15	-33	38	8	-16	
27	23	17	7	30	28	20	6	34	31	22	9	33	28	19	7	
-3	-4	-4	-12	0	-3	-5	-6	0	0	-3	-2	0	0	0	0	
22	5	5	21	21	4	7	30	29	12	6	24	28	18	12	21	
-13	-12	-1	13	-17	-15	-2	16	-15	-18	-15	4	-16	-19	-13	0	
10	10	11	10	19	19	17	17	42	43	42	40	53	52	51	50	
18	-8	-51	-69	-28	-58	-72	-76	-60	-73	-79	-79	-73	-78	-79	-78	
-61	-42	-10	-13	-58	-30	-3	-15	-57	-24	-2	-14	-51	-20	-8	-16	
60	56	40	16	62	56	36	11	63	59	47	23	62	59	41	17	
33	49	80	89	23	39	76	93	23	25	43	74	28	28	38	50	
40	-17	-44	-51	39	-34	-49	-51	21	-40	-49	-49	-1	-43	-48	-47	
11	22	11	0	-3	3	19	17	-5	-7	-3	6	-1	-6	-5	-3	
42	41	43	40	-22	-29	-34	-32	-45	-46	-45	-43	-43	-43	-43	-40	
14	2	-24	-36	12	-24	-45	-43	10	-29	-13	21	14	27	50	59	
-68	-49	-50	-65	-70	-47	-45	-65	-74	-56	-40	-58	-72	-59	-45	-57	
31	4	-15	-17	53	31	1	-15	60	58	39	18	50	53	53	41	
-19	-19	-27	-32	-6	-5	-16	-22	-6	0	0	11	-23	-12	10	20	
21	31	47	53	16	21	37	51	16	17	25	41	18	18	20	30	
2	-26	-35	-21	-9	-33	-32	-7	8	-23	-35	-24	-7	-30	-31	-12	
19	30	41	42	28	43	45	36	42	49	46	31	52	53	40	24	
-54	-55	-44	-19	-55	-40	-3	40	-39	-3	45	25	6	44	17	-13	
50	45	43	50	45	44	45	51	72	77	80	80	103	107	110	104	
-18	-29	-33	-32	-20	-30	-32	-30	-11	-25	-32	-32	-14	-26	-31	-29	
-67	-36	39	75	-72	-53	21	74	-74	-68	-22	55	-73	-70	-41	26	
-21	-3	25	44	32	62	66	53	55	70	60	35	49	35	5	-9	
77	76	65	51	80	74	59	46	79	73	57	45	76	66	52	45	
6	-2	-30	-47	5	1	-25	-48	1	2	-11	-39	-1	2	-7	-25	
-24	-25	-2	43	-23	-6	40	46	8	41	45	27	49	41	22	11	
44	43	33	24	8	6	3	2	0	0	1	3	3	5	7	8	
-17	-27	-30	-30	24	-1	-23	-33	34	38	16	-8	8	13	32	33	
-21	-11	2	4	-15	-13	-19	-23	-16	-19	-27	-31	-11	-20	-29	-27	
118	130	128	118	81	95	93	81	-3	0	11	10	-21	-23	-21	-21	
-7	-14	-18	-20	-12	-12	-17	-18	14	41	30	0	76	96	65	9	
120	122	117	99	121	113	95	66	109	99	78	54	79	60	47	37	
-46	-11	1	-1	-44	-7	4	0	-44	-10	3	1	-39	-9	2	1	
49	44	36	33	44	32	26	34	19	11	11	33	-12	-11	12	42	
-19	-13	-5	2	-31	-33	-30	-25	-14	-29	-37	-39	42	32	15	0	
-31	-28	-20	-12	-24	-3	2	-8	-9	46	61	33	7	54	60	46	
-27	-28	-26	-19	-28	-28	-23	-16	-27	-28	-27	-21	-27	-28	-25	-20	
-41	-46	-45	-32	-46	-46	-33	0	-47	-43	-8	43	-38	-11	47	69	
-3	-9	-13	-17	16	3	-11	-19	49	46	12	-13	60	42	10	1	
84	89	79	61	79	89	83	72	42	68	81	81	8	42	66	73	
-23	6	40	-14	0	34	-19	-52	32	-15	-50	-52	-26	-49	-52	-52	
18	54	69	68	0	19	47	44	21	0	-3	10	65	43	13	0	
34	31	7	-6	-37	3	32	25	-52	-50	-26	18	-51	-51	-51	-44	
5	6	-20	32	10	-10	5	63	4	-14	44	75	-12	4	54	62	
68	67	64	63	66	64	63	64	63	63	65	67	64	64	67	68	
0	4	5	5	0	6	8	5	-1	4	10	9	0	3	8	11	
-8	-7	-6	-7	-9	-8	-9	-6	-11	-11	-11	0	-12	-8	15	40	
51	53	55	56	53	55	56	58	53	57	60	61	56	60	62	62	
-23	-12	-10	-26	-20	-9	-18	-29	-25	-12	-9	-25	-21	-9	-14	-28	
17	14	10	10	10	9	8	9	10	9	12	15	15	20	24	25	
-17	5	5	-15	-7	14	0	-21	-18	0	0	-17	-15	-5	-12	-22	
-28	-28	-30	-30	23	19	22	24	108	114	114	112	133	132	130	120	
-19	-20	-20	-21	-18	-16	-16	-17	-18	-15	-12	-12	-19	-14	-10	-11	
-30	-36	-34	-1	-34	-36	-12	53	-28	-35	-25	26	-28	-28	0	61	
7	15	3	-18	7	12	-2	-23	4	12	4	-19	9	12	0	-18	
74	75	74	72	72	73	74	74	71	71	72	74	72	72	74	75	
12	14	0	-10	13	4	-10	-16	8	-3	-15	-21	0	-12	-20	-23	
-13	-12	-8	-2	-11	8	32	31	-16	17	79	104	1	68	114	116	
18	40	53	44	47	53	29	-4	53	35	-12	-28	24	-14	-31	-34	
-32	-34	-33	-28	-23	-22	-20	-17	-11	-10	-13	-13	-15	-17	-21	-21	
32	40	46	46	-19	-12	-10	-12	-74	-73	-72	-70	-73	-77	-77	-75	
-7	38	52	28	30	75	71	30	4	53	61	22	-8	4	0	-6	
31	1	-5	-3	22	-1	-2	-1	19	0	-1	0	3	-3	-4	-3	
-8	44	67	38	31	64	44	11	58	61	21	-2	62	31	1	-4	
-7	-11	-9	0	-1	-8	-14	-9	2	0	-9	-14	0	0	-4	-11	
-2	4	14	16	-1	8	16	13	1	12	14	11	10	18	15	10	
-20	-22	-18	-14	-12	0	13	14	-8	1	22	27	-13	-5	0	-1	
-32	-35	-10	43	-31	-9	37	60	22	48	58	64	60	64	63	62	
-36	-35	-21	1	-35	-37	-30	-14	-32	-36	-37	-30	-29	-34	-35	-31	
-23	-22	-9	27	-25	-24	-18	7	-23	-23	-24	-18	-23	-24	-23	-21	
51	54	20	1	63	47	11	0	39	33	14	3	5	1	0	0	
-12	31	69	69	-2	51	70	61	-14	21	61	66	-8	36	66	66	
54	33	-42	-73	53	18	-62	-75	52	7	-63	-76	45	-20	-68	-75	
6	8	28	40	5	7	16	36	5	6	7	27	4	6	8	15	
29	30	20	11	22	18	8	-1	-4	-6	-15	-27	-30	-31	-35	-36	
-24	-26	-27	-26	-28	-27	-29	-29	-25	-22	-19	-15	34	41	44	42	
-62	-61	-61	-63	-73	-73	-73	-74	-80	-81	-81	-80	-82	-82	-82	-82	
7	3	1	3	8	3	1	3	18	9	3	2	32	19	6	3	
-23	-14	13	38	24	42	33	6	28	2	-6	-7	-8	-6	-2	0	
33	26	28	35	35	24	26	35	49	32	20	25	43	28	20	28	
-19	-21	-21	-19	-12	-11	-3	0	15	19	16	9	0	-7	-11	-14	
26	22	20	26	22	23	29	39	22	25	38	47	25	34	47	52	
-15	-7	-2	-4	-12	0	-3	-8	-14	8	2	-8	7	19	-1	-11	
60	64	67	72	79	84	89	91	96	101	101	98	105	105	101	96	
-11	-51	-69	-71	-9	-56	-73	-74	-4	-51	-73	-75	-9	-55	-73	-74	
-16	1	27	34	-16	6	28	34	-21	-6	19	34	-18	1	24	34	
-38	-27	-9	-5	-38	-12	-3	-16	-18	10	9	-19	1	8	-9	-23	
63	65	71	83	59	67	86	98	61	73	93	105	65	81	99	105	
-25	-24	-23	-23	6	0	-17	-24	26	26	-3	-24	15	5	-17	-27	
6	5	8	12	9	9	13	16	10	12	17	19	9	11	15	14	
14	15	15	15	3	3	4	4	-11	-11	-10	-9	-20	-20	-20	-19	
-48	-48	-42	-30	-16	-8	6	22	16	20	22	29	15	16	19	23	
11	12	13	15	-2	-1	0	0	-47	-47	-45	-44	-56	-57	-55	-54	
81	81	70	62	73	68	58	52	56	52	47	46	44	42	44	48	
-34	-27	-1	8	5	10	14	10	19	19	14	9	21	16	12	7	
79	71	18	-21	79	71	23	-16	65	75	69	22	65	83	80	41	
-6	-7	-6	-1	-8	-8	-5	-4	-8	-5	-4	-7	-3	-5	-7	-7	
10	11	15	23	9	10	11	18	9	9	10	12	9	9	10	12	
41	29	18	3	19	11	-17	-32	11	-16	-41	-40	11	-19	-12	22	
-31	-33	-30	-19	-19	-5	12	32	22	35	45	50	33	44	50	53	
-26	-26	-25	-25	-25	-22	-22	-24	-25	-23	-20	-21	-25	-22	-21	-22	
-7	-21	-30	-33	-27	-32	-26	0	-27	-26	6	31	-20	6	29	-1	
-21	-25	-15	-7	0	-16	-23	-13	66	44	17	4	84	84	76	62	
35	44	60	73	42	54	70	77	50	56	67	73	59	65	68	66	
-30	-31	-28	-23	-29	-32	-30	-27	-15	-25	-29	-30	3	-13	-24	-28	
71	65	59	54	43	58	69	71	-11	18	52	64	-23	-17	3	25	
4	9	12	8	12	12	3	-7	8	-3	-18	-24	-12	-25	-30	-28	
-3	-4	-6	-3	-9	-10	-7	25	-19	-20	4	60	-19	-8	55	95	
87	61	39	32	77	49	36	36	74	50	34	37	59	40	34	37	
0	-1	0	22	0	0	0	3	0	0	0	-1	0	0	0	0	
9	-5	-12	3	4	-13	-12	15	11	-7	-15	1	8	-9	-9	11	
41	37	37	33	38	40	36	35	23	40	40	39	5	30	38	38	
-2	-24	-47	-51	-1	-17	-32	-39	-8	-10	-11	-13	-15	-9	-2	0	
22	20	17	17	25	21	18	16	26	22	17	14	25	20	15	16	
19	15	5	0	17	8	0	-5	12	4	-4	-12	3	-4	-12	-17	
-108	-108	-108	-108	29	46	23	29	53	43	40	48	35	49	49	46	
2	-22	-38	-38	0	-34	-46	-43	-7	-37	-49	-47	-20	-39	-46	-43	
-36	-32	-1	46	-37	-37	-21	32	-33	-39	-39	-9	-33	-38	-39	-29	
16	3	-1	0	26	11	2	-1	34	24	8	0	32	30	11	0	
123	130	129	121	134	133	124	102	129	130	120	96	123	111	82	42	
62	85	62	11	43	46	12	-8	-8	-1	-3	-3	-5	-5	-5	-2	
-52	-3	65	81	-51	16	82	83	-56	-8	77	95	-48	11	82	90	
5	11	20	23	42	39	40	35	-5	-9	-10	-9	-19	-18	-19	-19	
-36	-32	-27	-22	-33	-28	-21	-15	-28	-23	-16	-10	-22	-16	-9	-6	
-12	-22	-28	-27	-25	-30	-31	-24	-27	-31	-28	-17	-28	-26	-14	0	
73	57	40	32	36	24	22	25	28	20	26	32	30	29	37	41	
8	37	38	0	7	44	38	-7	-3	27	54	17	3	37	45	3	
55	-1	15	84	22	-7	43	95	69	7	-2	60	46	-7	23	83	
4	-2	-11	-14	11	3	-6	-9	17	15	4	-3	19	15	8	2	
17	16	14	11	13	16	16	12	6	12	16	16	1	6	9	12	
-12	-5	10	15	-10	1	17	19	-8	1	12	19	-3	8	16	17	
13	7	9	21	39	42	49	52	56	60	60	57	57	58	55	55	
-47	-60	-69	-69	-29	-48	-64	-68	-19	-26	-51	-63	-25	-21	-40	-55	
-70	-61	-32	-10	-73	-62	-29	-3	-73	-64	-34	-2	-70	-63	-35	-7	
114	102	41	-7	99	49	-9	-26	59	21	-16	-29	7	-20	-28	-27	
16	29	44	51	20	39	52	53	24	43	53	56	34	48	54	54	
-24	-34	-37	-35	-15	-26	-33	-35	2	-7	-20	-28	5	3	-5	-15	
5	-1	18	63	4	1	19	50	15	4	-1	11	10	0	-2	0	
32	34	33	30	26	24	18	8	-37	-47	-53	-58	-71	-75	-75	-75	
20	11	-3	-22	-15	-30	-37	-39	-36	-38	-19	3	-2	28	49	55	
-77	-78	-78	-77	-74	-75	-75	-74	-60	-60	-60	-60	-29	-25	-26	-30	
66	42	-10	-31	54	5	-26	-19	26	-6	-17	10	18	-5	5	49	
13	-4	-21	-30	22	21	0	-11	3	12	25	21	-4	1	14	24	
54	60	60	54	28	31	31	27	13	13	15	15	17	18	16	20	
24	0	-11	-13	-7	-12	-11	-11	-12	-12	-9	-8	-9	-9	-8	-7	
-14	34	58	58	15	56	60	58	51	60	60	58	60	61	57	53	
-33	-31	-7	16	-33	-26	2	23	-22	-17	3	23	4	11	26	30	
90	91	48	2	88	91	66	21	45	80	94	74	38	80	98	87	
-49	-22	-35	-57	-50	-16	-32	-58	-57	-22	-25	-53	-57	-30	-27	-50	
31	16	-14	-17	6	32	-10	-16	-30	33	9	-15	-39	7	28	-9	
-25	-25	-25	-19	12	21	29	36	37	33	25	17	-8	-12	-14	-12	
88	90	67	14	90	94	66	7	87	102	97	37	99	109	80	16	
37	-6	-13	-14	38	11	-13	-14	14	36	-10	-13	-13	43	3	-13	
-24	-30	-15	19	-27	-17	21	34	-29	-3	32	38	-7	23	35	30	
-4	5	37	49	0	-1	0	4	3	0	-2	-3	0	-1	-1	2	
-27	-18	-2	-3	17	6	-1	-3	46	38	22	4	43	44	42	26	
6	5	-5	-11	-11	-1	1	-2	-36	-29	-14	-3	-34	-32	-30	-21	
100	122	114	74	109	100	57	15	35	28	20	10	-2	-1	1	8	
0	0	0	0	11	7	2	1	21	20	17	11	28	27	25	18	
4	64	93	76	79	103	88	34	74	103	94	41	90	84	33	2	
6	-21	-19	0	-6	-28	-12	4	-22	-23	-1	0	-29	-11	6	0	
59	55	20	1	58	44	23	6	33	29	34	40	5	8	45	55	
-23	-18	-13	-5	-39	-39	-35	-30	-43	-48	-50	-46	19	12	0	-14	
8	-8	-23	-31	-17	-32	-33	-16	-4	5	28	46	45	54	54	53	
-70	-66	-51	-40	-71	-65	-49	-36	-71	-67	-51	-35	-70	-64	-50	-34	
-59	-55	-40	-5	-56	-35	6	46	-40	-4	40	62	7	46	61	53	
-11	12	31	29	14	35	34	20	27	33	27	19	35	29	21	15	
3	21	95	129	-1	55	122	136	-6	19	98	134	2	59	118	133	
22	-10	-30	-33	-18	-35	-36	-32	-30	-36	-37	-33	-32	-35	-33	-27	
-17	-19	27	68	-20	0	69	89	-20	-18	13	47	-16	-17	-17	-11	
1	1	4	5	1	0	4	8	5	-1	-7	-3	13	-2	-31	-33	
-11	8	50	44	-12	-3	41	51	-12	-13	14	48	-9	-12	0	43	
