1024
2
2
-4	-10	0	0	
25	28	28	26	
-67	-67	-62	-61	
8	1	5	5	
0	0	0	0	
41	42	45	47	
-16	-14	-17	-12	
0	3	47	41	
-3	-1	-9	-5	
25	19	19	17	
-30	-32	-24	-30	
14	6	12	10	
3	0	4	2	
109	112	100	102	
-108	-108	22	22	
0	0	0	-6	
-11	-17	-7	-18	
32	29	33	25	
-108	-108	-108	-108	
22	39	-10	0	
31	2	12	-14	
42	73	35	67	
-27	-22	-11	0	
-27	-5	10	83	
-9	0	-5	0	
81	72	28	0	
-18	-18	-12	-16	
9	33	18	58	
3	5	4	1	
75	67	66	69	
0	-4	-1	8	
0	-5	-31	-37	
-15	19	-14	-8	
32	36	29	29	
-44	-47	-41	-48	
7	6	6	9	
0	0	-7	-7	
46	41	39	43	
-18	-25	-31	-29	
-18	10	51	52	
-6	-4	-12	-4	
19	16	13	13	
-27	-24	-28	-31	
28	17	19	9	
4	4	0	0	
70	75	78	79	
16	17	37	53	
-5	0	0	0	
-10	-11	-7	-4	
80	82	39	39	
57	66	64	71	
12	10	7	0	
2	-8	3	-21	
12	26	28	34	
-26	-35	-36	-8	
0	10	-1	5	
-58	0	-51	19	
19	8	19	8	
-52	-33	-54	-40	
17	33	0	31	
7	18	3	12	
60	59	62	55	
-6	-24	16	-24	
16	16	-15	-12	
-7	-6	-6	-6	
23	22	20	27	
-38	-57	-50	-62	
0	24	14	0	
0	-5	0	0	
47	51	50	53	
-13	-12	-10	-12	
1	23	12	38	
-2	-4	0	-8	
29	23	25	25	
-35	-29	-25	-22	
9	8	13	18	
0	-1	8	3	
107	106	84	80	
-108	-108	57	52	
6	0	-1	-9	
-16	-7	-14	-9	
95	35	83	14	
-85	-85	-85	-85	
47	35	-12	-22	
0	-11	13	-11	
56	56	90	87	
-7	-12	0	-6	
-11	-6	-19	25	
-12	-2	-10	-7	
58	-27	58	-33	
-19	-14	-24	-16	
-3	50	-37	35	
5	57	-3	6	
24	88	67	108	
-16	-3	3	24	
-10	-13	-55	-54	
0	0	-13	-17	
28	30	42	36	
-36	-41	-40	-40	
21	14	10	-3	
0	-1	-9	0	
31	40	43	55	
-26	-38	-14	-36	
-50	-44	-12	18	
-3	-12	-8	-12	
11	9	22	15	
-27	-26	-30	-22	
38	28	5	13	
10	0	2	0	
122	107	101	50	
-34	25	29	47	
0	0	4	-1	
-10	-16	0	3	
44	38	47	5	
69	75	61	70	
7	0	16	0	
24	-4	-3	-27	
11	44	55	48	
-17	-14	-10	-4	
-9	12	0	17	
-47	21	-41	34	
50	3	47	-11	
-22	12	-35	-22	
48	39	26	41	
33	3	1	32	
71	57	69	70	
0	0	42	2	
33	29	-27	-31	
0	-4	-3	0	
22	20	30	26	
-59	-53	-58	-51	
0	-1	0	31	
0	6	-3	0	
45	46	45	40	
-10	-13	-13	-8	
0	0	16	18	
-3	-10	-10	-6	
21	13	26	13	
-33	-30	-31	-34	
24	9	15	18	
3	0	0	6	
140	141	141	140	
-23	-33	36	17	
5	0	0	0	
-4	-16	-14	-20	
43	23	39	21	
-68	-66	-75	-73	
37	22	4	0	
48	-21	-28	-54	
-5	60	30	96	
-47	-51	-12	-18	
-27	38	3	38	
-7	0	0	-5	
58	25	24	-5	
-17	-24	-21	-24	
0	66	3	67	
3	13	7	8	
53	56	55	57	
0	0	2	15	
1	-16	-26	-26	
-7	13	-8	0	
35	38	37	33	
-48	-51	-48	-53	
1	-1	15	8	
-9	0	0	-10	
59	46	42	22	
-13	-21	-22	-16	
-19	-2	24	26	
-7	-9	-4	0	
18	27	28	22	
-37	-35	-36	-33	
10	37	13	20	
4	6	0	5	
89	113	63	98	
13	-5	50	46	
-10	-5	0	0	
-9	-8	-10	-10	
51	75	33	40	
68	65	76	78	
24	10	0	0	
0	-38	-11	-42	
21	20	16	41	
-40	-35	-34	18	
-7	3	0	11	
-18	3	-41	2	
1	0	28	0	
-30	-19	-36	-33	
10	42	29	34	
16	26	0	17	
48	45	53	48	
-22	-19	8	7	
14	12	0	-35	
-6	0	-10	-11	
7	16	9	26	
-62	-60	-58	-57	
8	10	12	11	
2	-27	11	0	
59	59	43	43	
-25	-16	-17	-16	
0	30	28	12	
0	0	-4	-12	
30	33	31	15	
-46	-42	-28	-24	
10	10	6	15	
0	-10	7	9	
80	78	76	77	
-22	2	69	98	
16	0	-5	-12	
-20	-8	-17	-16	
94	0	109	94	
-61	-76	-62	-77	
48	68	-22	22	
13	-12	11	-12	
7	40	76	106	
-16	-26	0	-23	
-31	-18	-13	37	
-32	10	-12	5	
37	-8	29	-19	
-20	-19	-17	-9	
2	26	1	25	
2	12	-8	0	
76	76	118	113	
-27	17	13	6	
-29	-36	-34	-33	
0	3	-40	-8	
39	35	33	40	
-39	-39	-56	-56	
36	19	18	-17	
-5	0	-22	3	
34	37	41	43	
-33	-68	-32	-68	
-45	-32	19	45	
-3	-23	-8	-11	
22	7	38	25	
-23	-26	-25	-26	
42	38	18	2	
11	0	0	16	
94	80	88	69	
19	20	74	71	
0	8	2	0	
-20	-26	0	0	
39	39	21	21	
72	60	62	44	
18	2	7	0	
2	-18	-39	-43	
29	28	33	47	
-11	-8	-12	-4	
0	16	-1	11	
-19	9	-11	22	
42	0	43	22	
-15	-11	-37	-39	
20	52	23	47	
23	21	-17	17	
60	40	62	40	
17	-24	25	19	
9	0	-19	-31	
-2	-11	-4	-6	
19	22	15	18	
-74	-54	-75	-63	
7	2	9	16	
-5	0	2	5	
47	44	37	56	
-8	-16	-11	-13	
-6	1	21	55	
-2	-8	-8	0	
23	14	24	22	
-34	-40	-32	-39	
17	14	6	9	
6	-4	4	0	
99	115	125	128	
-108	-108	37	46	
-3	0	-3	0	
-10	-10	-13	-15	
32	15	40	13	
-78	-75	-79	-76	
20	26	0	-2	
47	-11	0	-25	
124	100	-69	144	
-43	-43	-2	-4	
-30	-9	8	46	
-1	4	-9	0	
84	27	20	2	
-11	-12	-17	-23	
-4	40	18	40	
2	6	9	0	
73	65	76	69	
-7	-5	0	7	
-11	-2	-24	-28	
0	35	-50	-35	
24	34	30	34	
-44	-40	-44	-35	
7	7	12	0	
5	2	-11	-9	
47	54	32	45	
-13	-29	-25	-35	
-15	-15	54	54	
-4	-7	-9	-17	
17	18	19	11	
-26	-31	-30	-28	
13	14	13	9	
0	4	0	3	
77	77	67	74	
25	36	57	60	
-4	-4	-2	0	
-9	-11	-5	-9	
101	98	0	-6	
44	57	51	65	
6	10	0	-2	
10	-21	0	-39	
13	8	27	25	
-36	-20	-35	-16	
-10	8	0	5	
-49	-17	-53	-23	
54	8	20	22	
-72	-37	-68	-30	
41	46	7	44	
0	20	8	16	
62	75	70	70	
13	-37	39	-19	
18	19	-26	-22	
-7	-13	0	-17	
15	21	12	27	
-50	-57	-39	-49	
8	17	19	-12	
6	-8	0	2	
46	62	53	48	
-24	-14	-5	-20	
4	17	24	29	
5	-7	2	-6	
37	23	24	19	
-33	-34	-31	-27	
11	0	20	9	
0	0	5	7	
105	95	105	90	
-108	-108	47	55	
0	2	6	-8	
-24	-12	-16	-7	
121	81	76	4	
-70	-72	-66	-70	
71	48	0	-12	
-4	0	7	-1	
52	31	75	65	
-10	-21	0	-10	
-21	-19	-16	13	
-13	-5	-2	-8	
18	-23	20	-26	
-22	-24	-24	-13	
27	92	0	69	
1	30	0	4	
57	70	73	79	
-44	-7	4	16	
0	0	-50	-51	
10	5	-11	-17	
28	24	33	32	
-45	-48	-36	-39	
15	22	12	4	
-2	0	-1	5	
29	41	34	40	
-12	-64	-12	-67	
-36	-35	14	10	
-1	-12	-13	-29	
9	15	23	9	
-30	-20	-18	-26	
30	40	6	18	
26	-18	-7	0	
106	90	68	47	
-10	27	21	77	
-3	-10	9	0	
-20	-11	-3	1	
61	22	41	10	
70	72	67	64	
12	-1	11	8	
19	-18	-26	-36	
-1	49	57	65	
-28	-7	-9	0	
-8	9	0	31	
-34	28	-47	6	
86	1	87	-3	
-41	-3	-40	-39	
33	31	15	35	
14	6	5	5	
62	66	60	63	
-22	-20	55	7	
21	16	-42	-44	
1	-6	-8	-5	
23	24	25	33	
-51	-58	-56	-55	
11	12	0	43	
0	0	0	3	
51	47	45	48	
-16	-8	-7	-7	
-2	0	22	31	
-2	-24	-28	0	
39	19	36	-5	
-37	-31	-35	-21	
28	19	8	17	
3	4	5	7	
119	117	122	120	
-26	-44	24	-22	
0	6	-1	-7	
-16	-17	-23	-26	
36	16	41	39	
-73	-72	-74	-72	
37	12	13	0	
60	14	-3	-5	
14	70	56	82	
-31	-35	-17	-24	
-35	15	-16	63	
-11	-6	-9	0	
55	0	11	-3	
-22	-17	-30	-28	
-25	43	4	82	
0	7	0	14	
51	64	62	59	
2	10	7	16	
-3	-8	-19	-18	
0	18	0	0	
36	40	37	21	
-40	-44	-69	-70	
-4	1	9	18	
-1	-1	-1	-33	
52	38	54	27	
-13	-28	-14	-29	
-3	-22	30	17	
-5	-5	0	-3	
7	14	18	18	
-34	-32	-43	-37	
14	22	8	16	
13	8	2	12	
75	83	74	85	
0	-4	72	50	
-20	1	0	0	
-13	0	-19	-16	
67	76	0	5	
66	66	64	73	
37	0	-3	-2	
2	-41	11	-37	
45	17	21	47	
-43	-44	-29	-3	
-14	-9	-3	10	
-29	-8	-22	2	
20	0	42	7	
-30	-9	-35	-18	
22	40	27	24	
5	13	1	3	
54	46	54	57	
-20	-30	23	-2	
19	12	0	-14	
-8	0	-11	0	
14	12	17	22	
-53	-48	-47	-48	
4	7	11	7	
0	-19	-3	0	
55	59	57	31	
-19	-30	-12	-8	
-4	45	50	12	
0	-4	-5	-11	
29	26	15	23	
-61	-61	-29	-31	
10	17	6	7	
-5	-10	19	11	
92	88	88	88	
-61	-63	120	120	
17	-9	-15	-13	
-21	-18	-15	-24	
56	20	90	36	
-58	-57	-62	-60	
31	65	1	8	
10	2	9	-10	
3	78	103	125	
-29	-29	-1	-17	
-36	-3	-28	24	
-27	-3	-10	16	
24	-13	41	-8	
-20	-13	-10	-11	
0	49	-2	26	
12	20	-13	1	
75	116	106	120	
-12	-3	16	2	
-14	-26	-39	-44	
0	14	-19	-12	
41	35	32	28	
-47	-42	-49	-49	
27	47	20	8	
-19	0	-21	0	
47	29	46	50	
-32	-48	-38	-50	
-34	-11	31	49	
0	-16	0	-12	
4	2	54	21	
-23	-27	-16	-26	
46	44	0	-7	
15	0	0	0	
107	61	92	35	
0	8	54	67	
-1	4	4	4	
-22	-17	-2	20	
50	54	31	16	
60	63	53	51	
20	1	17	0	
21	-43	-42	-61	
33	44	53	81	
-16	-11	-17	0	
0	6	-12	11	
-17	20	-21	13	
50	-9	70	7	
-17	-5	-33	-18	
22	64	34	63	
26	35	-40	1	
61	50	56	48	
14	-16	28	41	
6	13	-33	-28	
0	-9	-3	0	
24	31	21	19	
-62	-62	-65	-65	
5	0	8	10	
0	-4	0	-4	
44	51	45	46	
-13	-19	-12	-11	
-4	0	35	44	
-2	-5	-4	-5	
22	23	23	21	
-26	-34	-27	-36	
9	4	10	6	
0	2	7	0	
101	102	107	108	
-108	-108	30	30	
0	0	-4	-3	
-11	-9	-6	-15	
40	25	27	29	
-81	-80	-82	-81	
29	36	6	0	
25	0	2	-10	
43	72	50	84	
-35	-35	-17	2	
-33	-19	-5	65	
-10	0	-6	4	
62	50	42	-3	
-13	-26	-14	-17	
1	24	29	49	
7	3	5	-1	
77	68	71	78	
-3	-3	2	0	
-6	-2	-40	-26	
-13	31	-26	-18	
32	32	33	34	
-47	-45	-45	-41	
11	11	7	7	
-4	0	-3	-3	
39	41	43	38	
-25	-27	-33	-36	
-24	0	41	62	
-5	0	-23	-10	
13	19	15	17	
-22	-23	-22	-33	
25	19	11	5	
8	6	3	2	
80	73	74	68	
14	17	48	35	
-9	0	5	0	
-10	-17	-6	0	
70	61	40	29	
61	58	74	71	
6	9	6	3	
0	0	-4	-18	
19	20	35	38	
-32	-25	-25	-12	
0	9	4	7	
-46	-4	-46	-5	
29	6	28	0	
-64	-41	-65	-48	
21	31	12	24	
5	9	2	12	
60	49	66	56	
0	-35	5	-15	
29	14	-12	-8	
-4	-6	-9	-10	
15	27	20	24	
-47	-73	-50	-74	
0	11	22	3	
0	-2	3	0	
53	58	42	56	
-11	-16	-6	-8	
-4	31	1	42	
-4	0	-4	-7	
33	17	19	27	
-29	-26	-23	-26	
15	4	11	27	
0	0	13	0	
94	101	94	98	
-108	-108	60	63	
8	2	1	-17	
-11	-9	-20	-8	
99	41	52	0	
-81	-82	-78	-79	
25	30	-13	-15	
0	-4	20	-4	
31	39	91	87	
-4	-8	-2	-11	
0	-13	-9	15	
-22	-1	-10	-10	
42	-29	31	-39	
-20	-21	-19	-17	
-23	64	-21	64	
0	43	-5	-10	
51	97	62	101	
-16	-12	13	17	
-16	-17	-70	-71	
0	4	-21	-19	
33	30	51	44	
-38	-35	-45	-45	
21	13	21	0	
5	2	-6	-1	
37	50	55	52	
-16	-41	-26	-46	
-51	-46	6	29	
0	-14	-4	-21	
18	13	19	16	
-18	-22	-30	-19	
22	27	12	12	
8	0	0	4	
132	120	120	84	
-15	17	21	38	
0	-5	6	-1	
-12	-11	0	-2	
49	34	32	14	
78	75	62	63	
10	0	10	0	
22	-17	0	-25	
25	50	44	47	
-17	-17	-1	-4	
-15	23	0	11	
-45	48	-46	40	
66	2	41	0	
-31	17	-54	-48	
35	51	26	33	
22	-9	-2	22	
58	56	60	65	
8	-16	65	2	
42	39	-44	-48	
4	-4	-4	-3	
32	17	34	27	
-56	-57	-50	-52	
4	4	-7	24	
-5	11	1	-2	
38	44	54	40	
-9	-16	-20	-12	
0	0	28	15	
-5	-10	-14	-10	
33	11	27	16	
-34	-27	-29	-28	
13	11	14	14	
7	2	0	10	
128	129	128	128	
-42	-43	32	29	
11	0	0	-6	
-13	-16	-10	-29	
43	19	55	29	
-67	-66	-68	-67	
34	27	-4	-6	
46	6	0	-54	
12	88	32	99	
-63	-59	-19	-8	
-26	31	-18	39	
-2	4	-8	-4	
50	23	15	12	
-23	-20	-23	-23	
-4	60	23	66	
1	12	9	0	
61	55	53	57	
-4	-2	-2	18	
-3	-25	-20	-28	
-8	8	-10	-11	
43	44	35	34	
-50	-48	-55	-52	
4	-6	11	0	
-23	0	13	-20	
47	37	40	32	
-21	-29	-23	-20	
-15	-18	25	34	
-8	-7	0	-8	
17	19	33	16	
-36	-41	-38	-28	
14	35	5	8	
9	9	0	6	
86	91	65	68	
26	-8	44	34	
-11	0	0	0	
-8	-4	-15	-12	
66	75	9	54	
70	71	72	72	
15	15	0	0	
0	-25	-8	-33	
24	9	28	38	
-42	-20	-19	6	
-4	3	-6	6	
-35	7	-32	0	
12	-7	24	0	
-30	-28	-36	-28	
21	34	23	45	
23	22	0	7	
51	52	60	50	
-11	-24	7	14	
13	-2	14	-28	
-10	0	-5	-5	
16	14	9	19	
-70	-70	-49	-48	
1	12	14	12	
-3	-41	1	6	
64	44	41	49	
-29	-24	-14	-11	
-2	26	37	32	
0	-2	2	-13	
32	29	18	12	
-45	-49	-18	-39	
22	11	0	19	
0	-9	8	22	
76	72	82	74	
-17	26	52	96	
18	0	-8	-2	
-13	-3	-9	-15	
77	47	90	52	
-53	-60	-75	-76	
26	63	-27	-11	
13	-9	0	-13	
-12	67	63	115	
-14	-41	-5	-23	
-41	-28	-28	49	
-15	8	-11	3	
30	-14	13	-15	
-26	-23	-24	-1	
0	23	-12	16	
11	8	-9	0	
80	69	93	86	
-25	21	37	15	
-19	-35	-36	-34	
9	0	-27	-8	
32	28	26	35	
-30	-28	-62	-61	
46	33	29	-32	
0	0	-16	-2	
42	32	43	39	
-30	-53	-22	-47	
-31	-27	13	29	
-4	-25	-7	-22	
31	0	24	27	
-19	-33	-24	-28	
54	48	14	4	
15	0	0	7	
111	75	114	65	
0	2	90	83	
0	3	1	0	
-25	-38	0	-4	
55	37	23	24	
69	61	59	60	
15	8	12	2	
-1	-18	-18	-47	
17	36	38	47	
-6	-13	-13	0	
6	14	0	20	
-10	7	-15	43	
46	8	44	7	
-21	-5	-50	-33	
33	46	27	53	
32	32	-22	35	
83	43	58	34	
18	-24	26	0	
21	0	-27	-29	
0	-9	0	-5	
19	26	23	12	
-73	-58	-70	-45	
0	4	8	11	
0	-4	3	4	
37	55	41	54	
-12	-15	-15	-17	
-5	0	8	45	
0	-7	-16	0	
27	22	29	18	
-32	-32	-36	-41	
23	10	10	7	
4	0	7	-3	
111	110	113	111	
-108	-108	40	34	
0	-2	-6	3	
-12	-9	-20	-16	
28	26	43	21	
-71	-78	-76	-80	
8	17	6	-1	
44	3	-15	-22	
63	99	35	80	
-55	-57	1	-4	
-8	-14	-6	40	
-2	9	-17	-1	
104	48	8	-17	
-11	-13	-26	-22	
12	43	7	44	
5	0	10	4	
73	64	71	58	
-10	-10	5	3	
0	-2	-28	-24	
-11	58	-45	-18	
20	31	37	28	
-42	-38	-38	-43	
10	8	18	5	
0	-3	-14	-9	
42	54	44	30	
0	-35	-33	-38	
-15	-13	42	40	
-8	-4	-11	-23	
18	19	21	19	
-28	-34	-27	-22	
8	14	14	3	
3	0	0	2	
73	81	73	71	
22	21	52	51	
-7	-7	-8	5	
-8	-4	-5	-11	
112	83	35	2	
45	51	66	65	
8	4	0	0	
7	-21	0	-23	
16	18	23	28	
-45	-27	-39	-3	
-6	5	-1	0	
-68	-18	-63	-5	
34	0	15	11	
-78	-65	-56	-12	
28	60	0	57	
-4	14	17	21	
63	68	75	66	
2	-17	29	-13	
26	12	-15	-29	
-8	-3	0	-16	
13	30	16	34	
-65	-76	-33	-68	
0	36	37	-30	
0	-11	0	2	
51	50	51	41	
-15	-11	-11	-19	
10	11	21	37	
3	-8	-2	-11	
39	21	28	7	
-36	-36	-27	-32	
17	1	17	17	
-3	-3	4	11	
88	89	101	98	
-108	-108	48	43	
3	0	1	-4	
-23	-13	-25	-8	
87	71	66	16	
-77	-78	-70	-74	
64	61	-24	-23	
-5	4	13	-5	
44	35	63	50	
-15	-12	0	-12	
-15	-34	-28	25	
-6	-3	-5	-2	
27	-36	8	-41	
-26	-18	-25	-17	
2	64	-5	42	
-1	35	0	16	
50	88	89	84	
-31	10	5	29	
-5	4	-42	-39	
5	16	-15	-27	
37	28	38	32	
-42	-39	-34	-35	
27	27	21	0	
3	1	-6	4	
38	45	37	43	
-14	-50	-6	-44	
-44	-53	22	2	
6	-8	-11	-22	
13	6	31	2	
-30	-20	-28	-24	
46	50	12	19	
13	-8	-1	-2	
109	116	47	38	
-15	13	27	101	
-4	-6	7	-7	
-23	-8	4	-4	
63	25	60	8	
71	75	77	65	
14	-9	10	0	
30	-28	-16	-32	
-14	41	38	53	
-26	-17	-4	-5	
-13	22	0	28	
-51	28	-58	-19	
81	14	49	-15	
-58	-10	-68	-52	
34	38	25	38	
18	4	7	13	
64	62	67	64	
-15	-11	33	0	
18	13	-64	-65	
7	-4	-9	0	
23	30	21	30	
-55	-53	-54	-59	
0	5	3	67	
0	0	-4	0	
55	48	41	37	
-13	-6	-4	-1	
6	0	21	21	
-6	-32	-27	-17	
21	22	36	1	
-47	-33	-44	-25	
21	16	14	24	
0	5	10	5	
122	125	111	113	
-36	-39	1	-31	
0	13	0	-13	
-9	-17	-28	-33	
41	2	58	53	
-79	-71	-76	-61	
44	4	25	-1	
77	10	-4	-27	
26	60	60	60	
-38	-35	-15	-13	
-22	18	2	53	
-18	-3	-10	-1	
59	0	25	-23	
-23	-10	-23	-25	
-14	44	0	58	
0	4	0	8	
60	67	50	64	
0	7	8	27	
0	-15	-17	-12	
0	26	-9	-4	
26	44	44	31	
-56	-45	-67	-64	
-2	4	16	10	
-29	3	-8	-34	
39	34	47	28	
-12	-21	-16	-23	
-2	-27	47	29	
-2	0	1	-3	
4	25	15	23	
-40	-27	-36	-34	
9	15	10	15	
11	14	-3	10	
70	92	86	103	
22	8	81	38	
-16	-1	2	7	
-23	0	-24	-13	
68	62	18	18	
68	74	68	78	
27	0	5	3	
15	-61	14	-64	
37	22	2	33	
-52	-46	-44	-11	
-11	0	-8	14	
-35	-13	-34	10	
22	0	29	12	
-36	-12	-20	-12	
24	44	15	32	
9	23	0	3	
42	41	51	59	
-12	-16	13	-5	
28	24	1	-23	
-4	-1	-7	0	
11	20	24	19	
-48	-52	-50	-45	
5	5	16	12	
0	-16	-9	-6	
65	54	66	18	
-22	-25	-12	-18	
-40	120	118	-40	
2	-8	-10	-12	
32	31	23	24	
-56	-52	-47	-36	
9	22	14	11	
0	-16	23	3	
81	84	84	82	
-41	-52	102	93	
10	-21	-11	-17	
-17	-15	-19	-19	
64	19	64	32	
-58	-64	-56	-64	
31	85	14	28	
18	-1	20	-11	
40	55	110	115	
-35	-29	0	0	
-36	8	-19	36	
-18	-2	-15	8	
39	-9	42	0	
-18	-20	-6	-12	
-1	39	-14	40	
10	18	-4	-10	
39	106	101	125	
-10	0	10	12	
-30	-19	-48	-45	
0	20	-33	0	
55	25	43	33	
-39	-46	-48	-46	
20	47	39	-7	
-12	0	-16	-4	
51	38	49	42	
-23	-38	-45	-49	
-34	-26	42	47	
0	-17	4	-6	
3	12	34	22	
-28	-25	-19	-19	
42	40	0	5	
14	6	0	0	
85	72	77	47	
1	25	53	55	
-7	10	8	5	
-33	-32	-3	16	
54	53	26	32	
66	74	62	55	
28	-6	22	-1	
-9	-61	-57	-74	
26	37	28	75	
-13	-20	-15	-1	
0	0	-4	10	
-15	44	-17	9	
33	9	65	8	
-9	-9	-31	-9	
7	50	36	58	
15	3	-28	15	
54	53	51	50	
3	-6	36	25	
10	2	-35	-39	
